LECROYWS44MXs-B 69584 Waveform
Segments 1 SegmentSize 1002
Segment TrigTime TimeSinceSegment1
#1 06-Jul-2015 14:31:35 0                 
Time Ampl
-4.32494e-008 0.776223
-4.30494e-008 0.772902
-4.28494e-008 0.779544
-4.26494e-008 0.776223
-4.24494e-008 0.776223
-4.22494e-008 0.772902
-4.20494e-008 0.776223
-4.18494e-008 0.776223
-4.16494e-008 0.776223
-4.14494e-008 0.776223
-4.12494e-008 0.776223
-4.10494e-008 0.772902
-4.08494e-008 0.776223
-4.06494e-008 0.776223
-4.04494e-008 0.776223
-4.02494e-008 0.772902
-4.00494e-008 0.776223
-3.98494e-008 0.776223
-3.96494e-008 0.772902
-3.94494e-008 0.776223
-3.92494e-008 0.776223
-3.90494e-008 0.776223
-3.88494e-008 0.776223
-3.86494e-008 0.769581
-3.84494e-008 0.776223
-3.82494e-008 0.772902
-3.80494e-008 0.776223
-3.78494e-008 0.776223
-3.76494e-008 0.772902
-3.74494e-008 0.776223
-3.72494e-008 0.776223
-3.70494e-008 0.772902
-3.68494e-008 0.776223
-3.66494e-008 0.769581
-3.64494e-008 0.776223
-3.62494e-008 0.776223
-3.60494e-008 0.776223
-3.58494e-008 0.772902
-3.56494e-008 0.776223
-3.54494e-008 0.772902
-3.52494e-008 0.779544
-3.50494e-008 0.779544
-3.48494e-008 0.776223
-3.46494e-008 0.776223
-3.44494e-008 0.772902
-3.42494e-008 0.776223
-3.40494e-008 0.776223
-3.38494e-008 0.772902
-3.36494e-008 0.776223
-3.34494e-008 0.772902
-3.32494e-008 0.776223
-3.30494e-008 0.776223
-3.28494e-008 0.776223
-3.26494e-008 0.772902
-3.24494e-008 0.776223
-3.22494e-008 0.776223
-3.20494e-008 0.776223
-3.18494e-008 0.772902
-3.16494e-008 0.776223
-3.14494e-008 0.776223
-3.12494e-008 0.776223
-3.10494e-008 0.776223
-3.08494e-008 0.779544
-3.06494e-008 0.772902
-3.04494e-008 0.776223
-3.02494e-008 0.772902
-3.00494e-008 0.772902
-2.98494e-008 0.772902
-2.96494e-008 0.772902
-2.94494e-008 0.779544
-2.92494e-008 0.776223
-2.90494e-008 0.772902
-2.88494e-008 0.776223
-2.86494e-008 0.772902
-2.84494e-008 0.776223
-2.82494e-008 0.776223
-2.80494e-008 0.776223
-2.78494e-008 0.776223
-2.76494e-008 0.776223
-2.74494e-008 0.772902
-2.72494e-008 0.776223
-2.70494e-008 0.776223
-2.68494e-008 0.776223
-2.66494e-008 0.776223
-2.64494e-008 0.776223
-2.62494e-008 0.772902
-2.60494e-008 0.782865
-2.58494e-008 0.772902
-2.56494e-008 0.776223
-2.54494e-008 0.779544
-2.52494e-008 0.776223
-2.50494e-008 0.776223
-2.48494e-008 0.779544
-2.46494e-008 0.776223
-2.44494e-008 0.776223
-2.42494e-008 0.772902
-2.40494e-008 0.779544
-2.38494e-008 0.772902
-2.36494e-008 0.779544
-2.34494e-008 0.776223
-2.32494e-008 0.776223
-2.30494e-008 0.776223
-2.28494e-008 0.776223
-2.26494e-008 0.772902
-2.24494e-008 0.772902
-2.22494e-008 0.776223
-2.20494e-008 0.776223
-2.18494e-008 0.776223
-2.16494e-008 0.776223
-2.14494e-008 0.772902
-2.12494e-008 0.776223
-2.10494e-008 0.772902
-2.08494e-008 0.769581
-2.06494e-008 0.769581
-2.04494e-008 0.772902
-2.02494e-008 0.772902
-2.00494e-008 0.772902
-1.98494e-008 0.772902
-1.96494e-008 0.772902
-1.94494e-008 0.772902
-1.92494e-008 0.776223
-1.90494e-008 0.776223
-1.88494e-008 0.779544
-1.86494e-008 0.779544
-1.84494e-008 0.776223
-1.82494e-008 0.779544
-1.80494e-008 0.776223
-1.78494e-008 0.772902
-1.76494e-008 0.772902
-1.74494e-008 0.772902
-1.72494e-008 0.772902
-1.70494e-008 0.772902
-1.68494e-008 0.772902
-1.66494e-008 0.76626
-1.64494e-008 0.772902
-1.62494e-008 0.772902
-1.60494e-008 0.779544
-1.58494e-008 0.772902
-1.56494e-008 0.772902
-1.54494e-008 0.776223
-1.52494e-008 0.776223
-1.50494e-008 0.776223
-1.48494e-008 0.779544
-1.46494e-008 0.776223
-1.44494e-008 0.776223
-1.42494e-008 0.776223
-1.40494e-008 0.776223
-1.38494e-008 0.779544
-1.36494e-008 0.776223
-1.34494e-008 0.776223
-1.32494e-008 0.776223
-1.30494e-008 0.772902
-1.28494e-008 0.776223
-1.26494e-008 0.779544
-1.24494e-008 0.776223
-1.22494e-008 0.776223
-1.20494e-008 0.776223
-1.18494e-008 0.776223
-1.16494e-008 0.772902
-1.14494e-008 0.772902
-1.12494e-008 0.779544
-1.10494e-008 0.776223
-1.08494e-008 0.779544
-1.06494e-008 0.776223
-1.04494e-008 0.779544
-1.02494e-008 0.776223
-1.00494e-008 0.776223
-9.84941e-009 0.772902
-9.64941e-009 0.776223
-9.44941e-009 0.779544
-9.24941e-009 0.776223
-9.04941e-009 0.776223
-8.84941e-009 0.779544
-8.64941e-009 0.779544
-8.44941e-009 0.782865
-8.24941e-009 0.782865
-8.04941e-009 0.779544
-7.84941e-009 0.782865
-7.64941e-009 0.779544
-7.44941e-009 0.776223
-7.24941e-009 0.782865
-7.04941e-009 0.782865
-6.84941e-009 0.782865
-6.64941e-009 0.779544
-6.44941e-009 0.782865
-6.24941e-009 0.786186
-6.04941e-009 0.786186
-5.84941e-009 0.786186
-5.64941e-009 0.786186
-5.44941e-009 0.782865
-5.24941e-009 0.789507
-5.04941e-009 0.786186
-4.84941e-009 0.786186
-4.64941e-009 0.786186
-4.44941e-009 0.786186
-4.24941e-009 0.782865
-4.04941e-009 0.789507
-3.84941e-009 0.792828
-3.64941e-009 0.789507
-3.44941e-009 0.796149
-3.24941e-009 0.796149
-3.04941e-009 0.796149
-2.84941e-009 0.79947
-2.64941e-009 0.802791
-2.44941e-009 0.806112
-2.24941e-009 0.806112
-2.04941e-009 0.802791
-1.84941e-009 0.79947
-1.64941e-009 0.809433
-1.44941e-009 0.806112
-1.24941e-009 0.809433
-1.04941e-009 0.806112
-8.49412e-010 0.809433
-6.49412e-010 0.809433
-4.49412e-010 0.816074
-2.49412e-010 0.812753
-4.94123e-011 0.819395
1.50588e-010 0.819395
3.50588e-010 0.819395
5.50588e-010 0.822716
7.50588e-010 0.822716
9.50588e-010 0.829358
1.15059e-009 0.829358
1.35059e-009 0.829358
1.55059e-009 0.829358
1.75059e-009 0.832679
1.95059e-009 0.832679
2.15059e-009 0.832679
2.35059e-009 0.836
2.55059e-009 0.839321
2.75059e-009 0.842642
2.95059e-009 0.842642
3.15059e-009 0.849284
3.35059e-009 0.849284
3.55059e-009 0.849284
3.75059e-009 0.849284
3.95059e-009 0.852605
4.15059e-009 0.849284
4.35059e-009 0.855926
4.55059e-009 0.852605
4.75059e-009 0.859247
4.95059e-009 0.852605
5.15059e-009 0.855926
5.35059e-009 0.859247
5.55059e-009 0.859247
5.75059e-009 0.865888
5.95059e-009 0.862567
6.15059e-009 0.859247
6.35059e-009 0.865888
6.55059e-009 0.869209
6.75059e-009 0.865888
6.95059e-009 0.87253
7.15059e-009 0.869209
7.35059e-009 0.875851
7.55059e-009 0.875851
7.75059e-009 0.875851
7.95059e-009 0.875851
8.15059e-009 0.875851
8.35059e-009 0.875851
8.55059e-009 0.879172
8.75059e-009 0.885814
8.95059e-009 0.889135
9.15059e-009 0.889135
9.35059e-009 0.889135
9.55059e-009 0.885814
9.75059e-009 0.882493
9.95059e-009 0.885814
1.01506e-008 0.885814
1.03506e-008 0.889135
1.05506e-008 0.892456
1.07506e-008 0.889135
1.09506e-008 0.895777
1.11506e-008 0.892456
1.13506e-008 0.895777
1.15506e-008 0.895777
1.17506e-008 0.895777
1.19506e-008 0.895777
1.21506e-008 0.895777
1.23506e-008 0.895777
1.25506e-008 0.895777
1.27506e-008 0.895777
1.29506e-008 0.899098
1.31506e-008 0.895777
1.33506e-008 0.895777
1.35506e-008 0.899098
1.37506e-008 0.902419
1.39506e-008 0.902419
1.41506e-008 0.899098
1.43506e-008 0.902419
1.45506e-008 0.902419
1.47506e-008 0.90574
1.49506e-008 0.902419
1.51506e-008 0.90574
1.53506e-008 0.902419
1.55506e-008 0.909061
1.57506e-008 0.902419
1.59506e-008 0.90574
1.61506e-008 0.909061
1.63506e-008 0.902419
1.65506e-008 0.902419
1.67506e-008 0.90574
1.69506e-008 0.90574
1.71506e-008 0.902419
1.73506e-008 0.902419
1.75506e-008 0.902419
1.77506e-008 0.902419
1.79506e-008 0.90574
1.81506e-008 0.90574
1.83506e-008 0.90574
1.85506e-008 0.90574
1.87506e-008 0.90574
1.89506e-008 0.90574
1.91506e-008 0.902419
1.93506e-008 0.909061
1.95506e-008 0.90574
1.97506e-008 0.90574
1.99506e-008 0.90574
2.01506e-008 0.912382
2.03506e-008 0.909061
2.05506e-008 0.909061
2.07506e-008 0.909061
2.09506e-008 0.902419
2.11506e-008 0.902419
2.13506e-008 0.902419
2.15506e-008 0.902419
2.17506e-008 0.902419
2.19506e-008 0.902419
2.21506e-008 0.902419
2.23506e-008 0.902419
2.25506e-008 0.90574
2.27506e-008 0.902419
2.29506e-008 0.902419
2.31506e-008 0.909061
2.33506e-008 0.902419
2.35506e-008 0.902419
2.37506e-008 0.899098
2.39506e-008 0.902419
2.41506e-008 0.902419
2.43506e-008 0.902419
2.45506e-008 0.902419
2.47506e-008 0.902419
2.49506e-008 0.902419
2.51506e-008 0.902419
2.53506e-008 0.902419
2.55506e-008 0.895777
2.57506e-008 0.899098
2.59506e-008 0.899098
2.61506e-008 0.902419
2.63506e-008 0.899098
2.65506e-008 0.902419
2.67506e-008 0.895777
2.69506e-008 0.899098
2.71506e-008 0.895777
2.73506e-008 0.895777
2.75506e-008 0.895777
2.77506e-008 0.895777
2.79506e-008 0.895777
2.81506e-008 0.892456
2.83506e-008 0.892456
2.85506e-008 0.895777
2.87506e-008 0.889135
2.89506e-008 0.892456
2.91506e-008 0.892456
2.93506e-008 0.889135
2.95506e-008 0.889135
2.97506e-008 0.892456
2.99506e-008 0.892456
3.01506e-008 0.892456
3.03506e-008 0.889135
3.05506e-008 0.892456
3.07506e-008 0.889135
3.09506e-008 0.889135
3.11506e-008 0.889135
3.13506e-008 0.889135
3.15506e-008 0.885814
3.17506e-008 0.889135
3.19506e-008 0.882493
3.21506e-008 0.882493
3.23506e-008 0.879172
3.25506e-008 0.879172
3.27506e-008 0.879172
3.29506e-008 0.882493
3.31506e-008 0.875851
3.33506e-008 0.875851
3.35506e-008 0.875851
3.37506e-008 0.875851
3.39506e-008 0.875851
3.41506e-008 0.879172
3.43506e-008 0.875851
3.45506e-008 0.879172
3.47506e-008 0.875851
3.49506e-008 0.879172
3.51506e-008 0.87253
3.53506e-008 0.875851
3.55506e-008 0.875851
3.57506e-008 0.87253
3.59506e-008 0.875851
3.61506e-008 0.875851
3.63506e-008 0.87253
3.65506e-008 0.869209
3.67506e-008 0.869209
3.69506e-008 0.865888
3.71506e-008 0.862567
3.73506e-008 0.869209
3.75506e-008 0.869209
3.77506e-008 0.865888
3.79506e-008 0.865888
3.81506e-008 0.869209
3.83506e-008 0.865888
3.85506e-008 0.865888
3.87506e-008 0.865888
3.89506e-008 0.862567
3.91506e-008 0.869209
3.93506e-008 0.865888
3.95506e-008 0.862567
3.97506e-008 0.859247
3.99506e-008 0.862567
4.01506e-008 0.855926
4.03506e-008 0.859247
4.05506e-008 0.859247
4.07506e-008 0.855926
4.09506e-008 0.852605
4.11506e-008 0.855926
4.13506e-008 0.852605
4.15506e-008 0.852605
4.17506e-008 0.852605
4.19506e-008 0.852605
4.21506e-008 0.852605
4.23506e-008 0.849284
4.25506e-008 0.855926
4.27506e-008 0.852605
4.29506e-008 0.849284
4.31506e-008 0.852605
4.33506e-008 0.849284
4.35506e-008 0.852605
4.37506e-008 0.849284
4.39506e-008 0.849284
4.41506e-008 0.845963
4.43506e-008 0.849284
4.45506e-008 0.849284
4.47506e-008 0.849284
4.49506e-008 0.842642
4.51506e-008 0.845963
4.53506e-008 0.845963
4.55506e-008 0.845963
4.57506e-008 0.849284
4.59506e-008 0.849284
4.61506e-008 0.842642
4.63506e-008 0.842642
4.65506e-008 0.842642
4.67506e-008 0.836
4.69506e-008 0.839321
4.71506e-008 0.839321
4.73506e-008 0.842642
4.75506e-008 0.842642
4.77506e-008 0.839321
4.79506e-008 0.836
4.81506e-008 0.832679
4.83506e-008 0.836
4.85506e-008 0.832679
4.87506e-008 0.832679
4.89506e-008 0.832679
4.91506e-008 0.832679
4.93506e-008 0.829358
4.95506e-008 0.829358
4.97506e-008 0.822716
4.99506e-008 0.829358
5.01506e-008 0.829358
5.03506e-008 0.829358
5.05506e-008 0.829358
5.07506e-008 0.829358
5.09506e-008 0.829358
5.11506e-008 0.829358
5.13506e-008 0.829358
5.15506e-008 0.829358
5.17506e-008 0.829358
5.19506e-008 0.829358
5.21506e-008 0.822716
5.23506e-008 0.826037
5.25506e-008 0.822716
5.27506e-008 0.826037
5.29506e-008 0.822716
5.31506e-008 0.822716
5.33506e-008 0.819395
5.35506e-008 0.819395
5.37506e-008 0.822716
5.39506e-008 0.822716
5.41506e-008 0.819395
5.43506e-008 0.819395
5.45506e-008 0.819395
5.47506e-008 0.819395
5.49506e-008 0.819395
5.51506e-008 0.822716
5.53506e-008 0.822716
5.55506e-008 0.819395
5.57506e-008 0.819395
5.59506e-008 0.816074
5.61506e-008 0.812753
5.63506e-008 0.816074
5.65506e-008 0.812753
5.67506e-008 0.816074
5.69506e-008 0.812753
5.71506e-008 0.812753
5.73506e-008 0.816074
5.75506e-008 0.816074
5.77506e-008 0.809433
5.79506e-008 0.812753
5.81506e-008 0.812753
5.83506e-008 0.816074
5.85506e-008 0.812753
5.87506e-008 0.812753
5.89506e-008 0.809433
5.91506e-008 0.806112
5.93506e-008 0.809433
5.95506e-008 0.809433
5.97506e-008 0.806112
5.99506e-008 0.806112
6.01506e-008 0.802791
6.03506e-008 0.806112
6.05506e-008 0.806112
6.07506e-008 0.806112
6.09506e-008 0.796149
6.11506e-008 0.79947
6.13506e-008 0.802791
6.15506e-008 0.802791
6.17506e-008 0.79947
6.19506e-008 0.809433
6.21506e-008 0.796149
6.23506e-008 0.79947
6.25506e-008 0.79947
6.27506e-008 0.802791
6.29506e-008 0.79947
6.31506e-008 0.802791
6.33506e-008 0.79947
6.35506e-008 0.806112
6.37506e-008 0.796149
6.39506e-008 0.802791
6.41506e-008 0.79947
6.43506e-008 0.802791
6.45506e-008 0.79947
6.47506e-008 0.79947
6.49506e-008 0.79947
6.51506e-008 0.79947
6.53506e-008 0.79947
6.55506e-008 0.79947
6.57506e-008 0.792828
6.59506e-008 0.796149
6.61506e-008 0.796149
6.63506e-008 0.79947
6.65506e-008 0.796149
6.67506e-008 0.79947
6.69506e-008 0.789507
6.71506e-008 0.796149
6.73506e-008 0.796149
6.75506e-008 0.79947
6.77506e-008 0.796149
6.79506e-008 0.796149
6.81506e-008 0.792828
6.83506e-008 0.796149
6.85506e-008 0.796149
6.87506e-008 0.79947
6.89506e-008 0.796149
6.91506e-008 0.789507
6.93506e-008 0.796149
6.95506e-008 0.792828
6.97506e-008 0.792828
6.99506e-008 0.792828
7.01506e-008 0.792828
7.03506e-008 0.789507
7.05506e-008 0.792828
7.07506e-008 0.792828
7.09506e-008 0.792828
7.11506e-008 0.796149
7.13506e-008 0.792828
7.15506e-008 0.796149
7.17506e-008 0.792828
7.19506e-008 0.789507
7.21506e-008 0.789507
7.23506e-008 0.789507
7.25506e-008 0.789507
7.27506e-008 0.786186
7.29506e-008 0.789507
7.31506e-008 0.792828
7.33506e-008 0.789507
7.35506e-008 0.786186
7.37506e-008 0.789507
7.39506e-008 0.789507
7.41506e-008 0.786186
7.43506e-008 0.792828
7.45506e-008 0.789507
7.47506e-008 0.792828
7.49506e-008 0.786186
7.51506e-008 0.786186
7.53506e-008 0.782865
7.55506e-008 0.786186
7.57506e-008 0.786186
7.59506e-008 0.786186
7.61506e-008 0.786186
7.63506e-008 0.789507
7.65506e-008 0.786186
7.67506e-008 0.786186
7.69506e-008 0.782865
7.71506e-008 0.786186
7.73506e-008 0.782865
7.75506e-008 0.786186
7.77506e-008 0.782865
7.79506e-008 0.789507
7.81506e-008 0.786186
7.83506e-008 0.786186
7.85506e-008 0.786186
7.87506e-008 0.779544
7.89506e-008 0.786186
7.91506e-008 0.782865
7.93506e-008 0.786186
7.95506e-008 0.782865
7.97506e-008 0.779544
7.99506e-008 0.786186
8.01506e-008 0.782865
8.03506e-008 0.786186
8.05506e-008 0.782865
8.07506e-008 0.786186
8.09506e-008 0.782865
8.11506e-008 0.779544
8.13506e-008 0.779544
8.15506e-008 0.782865
8.17506e-008 0.782865
8.19506e-008 0.782865
8.21506e-008 0.782865
8.23506e-008 0.782865
8.25506e-008 0.779544
8.27506e-008 0.779544
8.29506e-008 0.782865
8.31506e-008 0.786186
8.33506e-008 0.779544
8.35506e-008 0.782865
8.37506e-008 0.779544
8.39506e-008 0.779544
8.41506e-008 0.782865
8.43506e-008 0.779544
8.45506e-008 0.779544
8.47506e-008 0.779544
8.49506e-008 0.776223
8.51506e-008 0.776223
8.53506e-008 0.776223
8.55506e-008 0.779544
8.57506e-008 0.772902
8.59506e-008 0.782865
8.61506e-008 0.776223
8.63506e-008 0.782865
8.65506e-008 0.776223
8.67506e-008 0.779544
8.69506e-008 0.779544
8.71506e-008 0.779544
8.73506e-008 0.772902
8.75506e-008 0.772902
8.77506e-008 0.772902
8.79506e-008 0.776223
8.81506e-008 0.776223
8.83506e-008 0.776223
8.85506e-008 0.772902
8.87506e-008 0.776223
8.89506e-008 0.769581
8.91506e-008 0.779544
8.93506e-008 0.776223
8.95506e-008 0.776223
8.97506e-008 0.776223
8.99506e-008 0.776223
9.01506e-008 0.776223
9.03506e-008 0.776223
9.05506e-008 0.776223
9.07506e-008 0.776223
9.09506e-008 0.772902
9.11506e-008 0.772902
9.13506e-008 0.782865
9.15506e-008 0.776223
9.17506e-008 0.776223
9.19506e-008 0.779544
9.21506e-008 0.776223
9.23506e-008 0.776223
9.25506e-008 0.779544
9.27506e-008 0.779544
9.29506e-008 0.776223
9.31506e-008 0.776223
9.33506e-008 0.776223
9.35506e-008 0.776223
9.37506e-008 0.779544
9.39506e-008 0.772902
9.41506e-008 0.769581
9.43506e-008 0.772902
9.45506e-008 0.769581
9.47506e-008 0.776223
9.49506e-008 0.769581
9.51506e-008 0.776223
9.53506e-008 0.776223
9.55506e-008 0.776223
9.57506e-008 0.776223
9.59506e-008 0.776223
9.61506e-008 0.776223
9.63506e-008 0.772902
9.65506e-008 0.776223
9.67506e-008 0.772902
9.69506e-008 0.772902
9.71506e-008 0.772902
9.73506e-008 0.776223
9.75506e-008 0.776223
9.77506e-008 0.776223
9.79506e-008 0.776223
9.81506e-008 0.776223
9.83506e-008 0.776223
9.85506e-008 0.772902
9.87506e-008 0.776223
9.89506e-008 0.772902
9.91506e-008 0.776223
9.93506e-008 0.769581
9.95506e-008 0.769581
9.97506e-008 0.772902
9.99506e-008 0.772902
1.00151e-007 0.772902
1.00351e-007 0.772902
1.00551e-007 0.769581
1.00751e-007 0.772902
1.00951e-007 0.769581
1.01151e-007 0.772902
1.01351e-007 0.772902
1.01551e-007 0.772902
1.01751e-007 0.776223
1.01951e-007 0.769581
1.02151e-007 0.772902
1.02351e-007 0.776223
1.02551e-007 0.772902
1.02751e-007 0.776223
1.02951e-007 0.776223
1.03151e-007 0.776223
1.03351e-007 0.776223
1.03551e-007 0.776223
1.03751e-007 0.772902
1.03951e-007 0.776223
1.04151e-007 0.776223
1.04351e-007 0.776223
1.04551e-007 0.776223
1.04751e-007 0.772902
1.04951e-007 0.772902
1.05151e-007 0.772902
1.05351e-007 0.772902
1.05551e-007 0.772902
1.05751e-007 0.769581
1.05951e-007 0.769581
1.06151e-007 0.772902
1.06351e-007 0.776223
1.06551e-007 0.776223
1.06751e-007 0.776223
1.06951e-007 0.779544
1.07151e-007 0.776223
1.07351e-007 0.769581
1.07551e-007 0.772902
1.07751e-007 0.769581
1.07951e-007 0.776223
1.08151e-007 0.772902
1.08351e-007 0.769581
1.08551e-007 0.776223
1.08751e-007 0.772902
1.08951e-007 0.772902
1.09151e-007 0.776223
1.09351e-007 0.776223
1.09551e-007 0.776223
1.09751e-007 0.776223
1.09951e-007 0.772902
1.10151e-007 0.769581
1.10351e-007 0.772902
1.10551e-007 0.76626
1.10751e-007 0.769581
1.10951e-007 0.769581
1.11151e-007 0.776223
1.11351e-007 0.772902
1.11551e-007 0.772902
1.11751e-007 0.769581
1.11951e-007 0.776223
1.12151e-007 0.769581
1.12351e-007 0.772902
1.12551e-007 0.772902
1.12751e-007 0.776223
1.12951e-007 0.769581
1.13151e-007 0.772902
1.13351e-007 0.772902
1.13551e-007 0.772902
1.13751e-007 0.769581
1.13951e-007 0.769581
1.14151e-007 0.769581
1.14351e-007 0.769581
1.14551e-007 0.769581
1.14751e-007 0.772902
1.14951e-007 0.776223
1.15151e-007 0.772902
1.15351e-007 0.772902
1.15551e-007 0.776223
1.15751e-007 0.769581
1.15951e-007 0.769581
1.16151e-007 0.772902
1.16351e-007 0.772902
1.16551e-007 0.769581
1.16751e-007 0.769581
1.16951e-007 0.772902
1.17151e-007 0.772902
1.17351e-007 0.772902
1.17551e-007 0.776223
1.17751e-007 0.772902
1.17951e-007 0.772902
1.18151e-007 0.772902
1.18351e-007 0.772902
1.18551e-007 0.769581
1.18751e-007 0.769581
1.18951e-007 0.769581
1.19151e-007 0.769581
1.19351e-007 0.772902
1.19551e-007 0.772902
1.19751e-007 0.769581
1.19951e-007 0.772902
1.20151e-007 0.772902
1.20351e-007 0.772902
1.20551e-007 0.772902
1.20751e-007 0.772902
1.20951e-007 0.772902
1.21151e-007 0.772902
1.21351e-007 0.769581
1.21551e-007 0.769581
1.21751e-007 0.76626
1.21951e-007 0.769581
1.22151e-007 0.769581
1.22351e-007 0.772902
1.22551e-007 0.769581
1.22751e-007 0.772902
1.22951e-007 0.772902
1.23151e-007 0.769581
1.23351e-007 0.76626
1.23551e-007 0.769581
1.23751e-007 0.769581
1.23951e-007 0.772902
1.24151e-007 0.772902
1.24351e-007 0.776223
1.24551e-007 0.769581
1.24751e-007 0.772902
1.24951e-007 0.772902
1.25151e-007 0.769581
1.25351e-007 0.769581
1.25551e-007 0.769581
1.25751e-007 0.769581
1.25951e-007 0.769581
1.26151e-007 0.762939
1.26351e-007 0.769581
1.26551e-007 0.76626
1.26751e-007 0.769581
1.26951e-007 0.769581
1.27151e-007 0.769581
1.27351e-007 0.769581
1.27551e-007 0.772902
1.27751e-007 0.772902
1.27951e-007 0.772902
1.28151e-007 0.769581
1.28351e-007 0.769581
1.28551e-007 0.769581
1.28751e-007 0.772902
1.28951e-007 0.769581
1.29151e-007 0.772902
1.29351e-007 0.769581
1.29551e-007 0.769581
1.29751e-007 0.76626
1.29951e-007 0.772902
1.30151e-007 0.769581
1.30351e-007 0.772902
1.30551e-007 0.769581
1.30751e-007 0.769581
1.30951e-007 0.769581
1.31151e-007 0.772902
1.31351e-007 0.76626
1.31551e-007 0.769581
1.31751e-007 0.769581
1.31951e-007 0.769581
1.32151e-007 0.76626
1.32351e-007 0.769581
1.32551e-007 0.76626
1.32751e-007 0.769581
1.32951e-007 0.769581
1.33151e-007 0.769581
1.33351e-007 0.772902
1.33551e-007 0.769581
1.33751e-007 0.769581
1.33951e-007 0.776223
1.34151e-007 0.772902
1.34351e-007 0.772902
1.34551e-007 0.772902
1.34751e-007 0.769581
1.34951e-007 0.769581
1.35151e-007 0.772902
1.35351e-007 0.769581
1.35551e-007 0.772902
1.35751e-007 0.769581
1.35951e-007 0.769581
1.36151e-007 0.769581
1.36351e-007 0.769581
1.36551e-007 0.762939
1.36751e-007 0.769581
1.36951e-007 0.76626
1.37151e-007 0.769581
1.37351e-007 0.769581
1.37551e-007 0.772902
1.37751e-007 0.769581
1.37951e-007 0.772902
1.38151e-007 0.769581
1.38351e-007 0.776223
1.38551e-007 0.772902
1.38751e-007 0.776223
1.38951e-007 0.769581
1.39151e-007 0.776223
1.39351e-007 0.76626
1.39551e-007 0.772902
1.39751e-007 0.772902
1.39951e-007 0.772902
1.40151e-007 0.769581
1.40351e-007 0.769581
1.40551e-007 0.76626
1.40751e-007 0.769581
1.40951e-007 0.76626
1.41151e-007 0.769581
1.41351e-007 0.769581
1.41551e-007 0.769581
1.41751e-007 0.769581
1.41951e-007 0.769581
1.42151e-007 0.772902
1.42351e-007 0.769581
1.42551e-007 0.76626
1.42751e-007 0.769581
1.42951e-007 0.769581
1.43151e-007 0.769581
1.43351e-007 0.772902
1.43551e-007 0.772902
1.43751e-007 0.769581
1.43951e-007 0.772902
1.44151e-007 0.769581
1.44351e-007 0.769581
1.44551e-007 0.772902
1.44751e-007 0.772902
1.44951e-007 0.772902
1.45151e-007 0.772902
1.45351e-007 0.769581
1.45551e-007 0.769581
1.45751e-007 0.769581
1.45951e-007 0.769581
1.46151e-007 0.762939
1.46351e-007 0.76626
1.46551e-007 0.769581
1.46751e-007 0.769581
1.46951e-007 0.76626
1.47151e-007 0.769581
1.47351e-007 0.772902
1.47551e-007 0.772902
1.47751e-007 0.772902
1.47951e-007 0.776223
1.48151e-007 0.772902
1.48351e-007 0.772902
1.48551e-007 0.769581
1.48751e-007 0.769581
1.48951e-007 0.769581
1.49151e-007 0.769581
1.49351e-007 0.776223
1.49551e-007 0.769581
1.49751e-007 0.776223
1.49951e-007 0.772902
1.50151e-007 0.769581
1.50351e-007 0.772902
1.50551e-007 0.762939
1.50751e-007 0.769581
1.50951e-007 0.769581
1.51151e-007 0.772902
1.51351e-007 0.76626
1.51551e-007 0.769581
1.51751e-007 0.76626
1.51951e-007 0.772902
1.52151e-007 0.772902
1.52351e-007 0.776223
1.52551e-007 0.772902
1.52751e-007 0.772902
1.52951e-007 0.769581
1.53151e-007 0.772902
1.53351e-007 0.772902
1.53551e-007 0.772902
1.53751e-007 0.769581
1.53951e-007 0.769581
1.54151e-007 0.76626
1.54351e-007 0.769581
1.54551e-007 0.769581
1.54751e-007 0.772902
1.54951e-007 0.769581
1.55151e-007 0.776223
1.55351e-007 0.769581
1.55551e-007 0.772902
1.55751e-007 0.769581
1.55951e-007 0.769581
1.56151e-007 0.772902
1.56351e-007 0.772902
1.56551e-007 0.776223
1.56751e-007 0.769581
1.56951e-007 0.772902
