LECROYWS44MXs-B 69584 Waveform
Segments 1 SegmentSize 1002
Segment TrigTime TimeSinceSegment1
#1 06-Jul-2015 14:59:29 0                 
Time Ampl
-4.32789e-008 0.772902
-4.30789e-008 0.772902
-4.28789e-008 0.772902
-4.26789e-008 0.776223
-4.24789e-008 0.776223
-4.22789e-008 0.772902
-4.20789e-008 0.776223
-4.18789e-008 0.772902
-4.16789e-008 0.776223
-4.14789e-008 0.772902
-4.12789e-008 0.776223
-4.10789e-008 0.772902
-4.08789e-008 0.776223
-4.06789e-008 0.769581
-4.04789e-008 0.772902
-4.02789e-008 0.769581
-4.00789e-008 0.772902
-3.98789e-008 0.769581
-3.96789e-008 0.772902
-3.94789e-008 0.769581
-3.92789e-008 0.776223
-3.90789e-008 0.772902
-3.88789e-008 0.779544
-3.86789e-008 0.779544
-3.84789e-008 0.776223
-3.82789e-008 0.776223
-3.80789e-008 0.772902
-3.78789e-008 0.776223
-3.76789e-008 0.776223
-3.74789e-008 0.772902
-3.72789e-008 0.779544
-3.70789e-008 0.772902
-3.68789e-008 0.776223
-3.66789e-008 0.769581
-3.64789e-008 0.776223
-3.62789e-008 0.772902
-3.60789e-008 0.772902
-3.58789e-008 0.772902
-3.56789e-008 0.776223
-3.54789e-008 0.776223
-3.52789e-008 0.776223
-3.50789e-008 0.772902
-3.48789e-008 0.776223
-3.46789e-008 0.776223
-3.44789e-008 0.779544
-3.42789e-008 0.776223
-3.40789e-008 0.776223
-3.38789e-008 0.769581
-3.36789e-008 0.772902
-3.34789e-008 0.769581
-3.32789e-008 0.776223
-3.30789e-008 0.772902
-3.28789e-008 0.779544
-3.26789e-008 0.772902
-3.24789e-008 0.776223
-3.22789e-008 0.772902
-3.20789e-008 0.776223
-3.18789e-008 0.776223
-3.16789e-008 0.776223
-3.14789e-008 0.776223
-3.12789e-008 0.776223
-3.10789e-008 0.776223
-3.08789e-008 0.776223
-3.06789e-008 0.776223
-3.04789e-008 0.776223
-3.02789e-008 0.772902
-3.00789e-008 0.772902
-2.98789e-008 0.776223
-2.96789e-008 0.769581
-2.94789e-008 0.772902
-2.92789e-008 0.776223
-2.90789e-008 0.772902
-2.88789e-008 0.776223
-2.86789e-008 0.776223
-2.84789e-008 0.776223
-2.82789e-008 0.772902
-2.80789e-008 0.772902
-2.78789e-008 0.776223
-2.76789e-008 0.776223
-2.74789e-008 0.772902
-2.72789e-008 0.772902
-2.70789e-008 0.772902
-2.68789e-008 0.772902
-2.66789e-008 0.769581
-2.64789e-008 0.776223
-2.62789e-008 0.776223
-2.60789e-008 0.772902
-2.58789e-008 0.772902
-2.56789e-008 0.772902
-2.54789e-008 0.779544
-2.52789e-008 0.776223
-2.50789e-008 0.776223
-2.48789e-008 0.776223
-2.46789e-008 0.776223
-2.44789e-008 0.779544
-2.42789e-008 0.772902
-2.40789e-008 0.776223
-2.38789e-008 0.772902
-2.36789e-008 0.772902
-2.34789e-008 0.776223
-2.32789e-008 0.776223
-2.30789e-008 0.769581
-2.28789e-008 0.776223
-2.26789e-008 0.776223
-2.24789e-008 0.776223
-2.22789e-008 0.772902
-2.20789e-008 0.772902
-2.18789e-008 0.772902
-2.16789e-008 0.776223
-2.14789e-008 0.772902
-2.12789e-008 0.776223
-2.10789e-008 0.776223
-2.08789e-008 0.776223
-2.06789e-008 0.776223
-2.04789e-008 0.782865
-2.02789e-008 0.779544
-2.00789e-008 0.772902
-1.98789e-008 0.769581
-1.96789e-008 0.772902
-1.94789e-008 0.772902
-1.92789e-008 0.772902
-1.90789e-008 0.769581
-1.88789e-008 0.769581
-1.86789e-008 0.772902
-1.84789e-008 0.776223
-1.82789e-008 0.776223
-1.80789e-008 0.776223
-1.78789e-008 0.779544
-1.76789e-008 0.779544
-1.74789e-008 0.779544
-1.72789e-008 0.776223
-1.70789e-008 0.776223
-1.68789e-008 0.776223
-1.66789e-008 0.776223
-1.64789e-008 0.776223
-1.62789e-008 0.772902
-1.60789e-008 0.776223
-1.58789e-008 0.779544
-1.56789e-008 0.772902
-1.54789e-008 0.772902
-1.52789e-008 0.776223
-1.50789e-008 0.776223
-1.48789e-008 0.772902
-1.46789e-008 0.772902
-1.44789e-008 0.776223
-1.42789e-008 0.772902
-1.40789e-008 0.776223
-1.38789e-008 0.776223
-1.36789e-008 0.782865
-1.34789e-008 0.776223
-1.32789e-008 0.776223
-1.30789e-008 0.776223
-1.28789e-008 0.776223
-1.26789e-008 0.772902
-1.24789e-008 0.772902
-1.22789e-008 0.772902
-1.20789e-008 0.769581
-1.18789e-008 0.772902
-1.16789e-008 0.776223
-1.14789e-008 0.776223
-1.12789e-008 0.772902
-1.10789e-008 0.772902
-1.08789e-008 0.779544
-1.06789e-008 0.776223
-1.04789e-008 0.776223
-1.02789e-008 0.776223
-1.00789e-008 0.776223
-9.87891e-009 0.772902
-9.67891e-009 0.776223
-9.47891e-009 0.772902
-9.27891e-009 0.776223
-9.07891e-009 0.776223
-8.87891e-009 0.772902
-8.67891e-009 0.772902
-8.47891e-009 0.772902
-8.27891e-009 0.776223
-8.07891e-009 0.776223
-7.87891e-009 0.776223
-7.67891e-009 0.776223
-7.47891e-009 0.776223
-7.27891e-009 0.776223
-7.07891e-009 0.776223
-6.87891e-009 0.776223
-6.67891e-009 0.772902
-6.47891e-009 0.779544
-6.27891e-009 0.779544
-6.07891e-009 0.776223
-5.87891e-009 0.776223
-5.67891e-009 0.779544
-5.47891e-009 0.776223
-5.27891e-009 0.786186
-5.07891e-009 0.782865
-4.87891e-009 0.786186
-4.67891e-009 0.786186
-4.47891e-009 0.786186
-4.27891e-009 0.786186
-4.07891e-009 0.789507
-3.87891e-009 0.789507
-3.67891e-009 0.796149
-3.47891e-009 0.792828
-3.27891e-009 0.792828
-3.07891e-009 0.796149
-2.87891e-009 0.79947
-2.67891e-009 0.79947
-2.47891e-009 0.802791
-2.27891e-009 0.79947
-2.07891e-009 0.802791
-1.87891e-009 0.79947
-1.67891e-009 0.809433
-1.47891e-009 0.806112
-1.27891e-009 0.809433
-1.07891e-009 0.809433
-8.78913e-010 0.812753
-6.78913e-010 0.812753
-4.78913e-010 0.819395
-2.78913e-010 0.812753
-7.89134e-011 0.816074
1.21087e-010 0.812753
3.21087e-010 0.816074
5.21087e-010 0.816074
7.21087e-010 0.819395
9.21087e-010 0.822716
1.12109e-009 0.822716
1.32109e-009 0.826037
1.52109e-009 0.832679
1.72109e-009 0.836
1.92109e-009 0.832679
2.12109e-009 0.839321
2.32109e-009 0.839321
2.52109e-009 0.839321
2.72109e-009 0.839321
2.92109e-009 0.836
3.12109e-009 0.836
3.32109e-009 0.829358
3.52109e-009 0.839321
3.72109e-009 0.836
3.92109e-009 0.842642
4.12109e-009 0.842642
4.32109e-009 0.842642
4.52109e-009 0.842642
4.72109e-009 0.842642
4.92109e-009 0.842642
5.12109e-009 0.842642
5.32109e-009 0.845963
5.52109e-009 0.842642
5.72109e-009 0.842642
5.92109e-009 0.845963
6.12109e-009 0.842642
6.32109e-009 0.849284
6.52109e-009 0.842642
6.72109e-009 0.842642
6.92109e-009 0.842642
7.12109e-009 0.842642
7.32109e-009 0.842642
7.52109e-009 0.845963
7.72109e-009 0.842642
7.92109e-009 0.842642
8.12109e-009 0.842642
8.32109e-009 0.839321
8.52109e-009 0.839321
8.72109e-009 0.836
8.92109e-009 0.836
9.12109e-009 0.842642
9.32109e-009 0.836
9.52109e-009 0.836
9.72109e-009 0.836
9.92109e-009 0.836
1.01211e-008 0.836
1.03211e-008 0.829358
1.05211e-008 0.829358
1.07211e-008 0.826037
1.09211e-008 0.826037
1.11211e-008 0.822716
1.13211e-008 0.826037
1.15211e-008 0.826037
1.17211e-008 0.822716
1.19211e-008 0.822716
1.21211e-008 0.822716
1.23211e-008 0.822716
1.25211e-008 0.826037
1.27211e-008 0.819395
1.29211e-008 0.819395
1.31211e-008 0.819395
1.33211e-008 0.816074
1.35211e-008 0.812753
1.37211e-008 0.809433
1.39211e-008 0.816074
1.41211e-008 0.812753
1.43211e-008 0.816074
1.45211e-008 0.816074
1.47211e-008 0.816074
1.49211e-008 0.812753
1.51211e-008 0.812753
1.53211e-008 0.806112
1.55211e-008 0.809433
1.57211e-008 0.806112
1.59211e-008 0.809433
1.61211e-008 0.802791
1.63211e-008 0.802791
1.65211e-008 0.79947
1.67211e-008 0.79947
1.69211e-008 0.79947
1.71211e-008 0.79947
1.73211e-008 0.796149
1.75211e-008 0.79947
1.77211e-008 0.79947
1.79211e-008 0.79947
1.81211e-008 0.796149
1.83211e-008 0.79947
1.85211e-008 0.796149
1.87211e-008 0.79947
1.89211e-008 0.796149
1.91211e-008 0.789507
1.93211e-008 0.796149
1.95211e-008 0.79947
1.97211e-008 0.792828
1.99211e-008 0.789507
2.01211e-008 0.786186
2.03211e-008 0.789507
2.05211e-008 0.782865
2.07211e-008 0.782865
2.09211e-008 0.786186
2.11211e-008 0.782865
2.13211e-008 0.782865
2.15211e-008 0.786186
2.17211e-008 0.782865
2.19211e-008 0.782865
2.21211e-008 0.779544
2.23211e-008 0.779544
2.25211e-008 0.779544
2.27211e-008 0.779544
2.29211e-008 0.779544
2.31211e-008 0.782865
2.33211e-008 0.779544
2.35211e-008 0.779544
2.37211e-008 0.776223
2.39211e-008 0.776223
2.41211e-008 0.772902
2.43211e-008 0.776223
2.45211e-008 0.776223
2.47211e-008 0.776223
2.49211e-008 0.772902
2.51211e-008 0.776223
2.53211e-008 0.772902
2.55211e-008 0.776223
2.57211e-008 0.772902
2.59211e-008 0.772902
2.61211e-008 0.772902
2.63211e-008 0.776223
2.65211e-008 0.769581
2.67211e-008 0.769581
2.69211e-008 0.769581
2.71211e-008 0.769581
2.73211e-008 0.76626
2.75211e-008 0.769581
2.77211e-008 0.76626
2.79211e-008 0.769581
2.81211e-008 0.769581
2.83211e-008 0.769581
2.85211e-008 0.76626
2.87211e-008 0.76626
2.89211e-008 0.759618
2.91211e-008 0.76626
2.93211e-008 0.762939
2.95211e-008 0.769581
2.97211e-008 0.76626
2.99211e-008 0.76626
3.01211e-008 0.762939
3.03211e-008 0.76626
3.05211e-008 0.76626
3.07211e-008 0.76626
3.09211e-008 0.762939
3.11211e-008 0.769581
3.13211e-008 0.76626
3.15211e-008 0.769581
3.17211e-008 0.759618
3.19211e-008 0.76626
3.21211e-008 0.762939
3.23211e-008 0.76626
3.25211e-008 0.762939
3.27211e-008 0.76626
3.29211e-008 0.759618
3.31211e-008 0.762939
3.33211e-008 0.759618
3.35211e-008 0.76626
3.37211e-008 0.759618
3.39211e-008 0.762939
3.41211e-008 0.759618
3.43211e-008 0.76626
3.45211e-008 0.762939
3.47211e-008 0.762939
3.49211e-008 0.759618
3.51211e-008 0.76626
3.53211e-008 0.76626
3.55211e-008 0.769581
3.57211e-008 0.76626
3.59211e-008 0.769581
3.61211e-008 0.76626
3.63211e-008 0.76626
3.65211e-008 0.762939
3.67211e-008 0.76626
3.69211e-008 0.756298
3.71211e-008 0.762939
3.73211e-008 0.759618
3.75211e-008 0.762939
3.77211e-008 0.759618
3.79211e-008 0.76626
3.81211e-008 0.759618
3.83211e-008 0.769581
3.85211e-008 0.762939
3.87211e-008 0.76626
3.89211e-008 0.762939
3.91211e-008 0.762939
3.93211e-008 0.762939
3.95211e-008 0.76626
3.97211e-008 0.762939
3.99211e-008 0.76626
4.01211e-008 0.759618
4.03211e-008 0.762939
4.05211e-008 0.759618
4.07211e-008 0.76626
4.09211e-008 0.762939
4.11211e-008 0.769581
4.13211e-008 0.759618
4.15211e-008 0.76626
4.17211e-008 0.759618
4.19211e-008 0.76626
4.21211e-008 0.762939
4.23211e-008 0.76626
4.25211e-008 0.76626
4.27211e-008 0.76626
4.29211e-008 0.762939
4.31211e-008 0.76626
4.33211e-008 0.762939
4.35211e-008 0.769581
4.37211e-008 0.759618
4.39211e-008 0.762939
4.41211e-008 0.759618
4.43211e-008 0.76626
4.45211e-008 0.762939
4.47211e-008 0.769581
4.49211e-008 0.76626
4.51211e-008 0.772902
4.53211e-008 0.76626
4.55211e-008 0.769581
4.57211e-008 0.76626
4.59211e-008 0.769581
4.61211e-008 0.762939
4.63211e-008 0.76626
4.65211e-008 0.762939
4.67211e-008 0.76626
4.69211e-008 0.76626
4.71211e-008 0.769581
4.73211e-008 0.76626
4.75211e-008 0.769581
4.77211e-008 0.76626
4.79211e-008 0.769581
4.81211e-008 0.76626
4.83211e-008 0.76626
4.85211e-008 0.769581
4.87211e-008 0.769581
4.89211e-008 0.762939
4.91211e-008 0.769581
4.93211e-008 0.76626
4.95211e-008 0.76626
4.97211e-008 0.769581
4.99211e-008 0.769581
5.01211e-008 0.76626
5.03211e-008 0.769581
5.05211e-008 0.762939
5.07211e-008 0.769581
5.09211e-008 0.769581
5.11211e-008 0.772902
5.13211e-008 0.769581
5.15211e-008 0.769581
5.17211e-008 0.769581
5.19211e-008 0.772902
5.21211e-008 0.769581
5.23211e-008 0.772902
5.25211e-008 0.769581
5.27211e-008 0.769581
5.29211e-008 0.76626
5.31211e-008 0.769581
5.33211e-008 0.769581
5.35211e-008 0.769581
5.37211e-008 0.769581
5.39211e-008 0.772902
5.41211e-008 0.769581
5.43211e-008 0.772902
5.45211e-008 0.772902
5.47211e-008 0.772902
5.49211e-008 0.76626
5.51211e-008 0.769581
5.53211e-008 0.76626
5.55211e-008 0.769581
5.57211e-008 0.769581
5.59211e-008 0.769581
5.61211e-008 0.769581
5.63211e-008 0.769581
5.65211e-008 0.769581
5.67211e-008 0.769581
5.69211e-008 0.769581
5.71211e-008 0.776223
5.73211e-008 0.769581
5.75211e-008 0.769581
5.77211e-008 0.769581
5.79211e-008 0.772902
5.81211e-008 0.76626
5.83211e-008 0.769581
5.85211e-008 0.769581
5.87211e-008 0.769581
5.89211e-008 0.772902
5.91211e-008 0.772902
5.93211e-008 0.769581
5.95211e-008 0.772902
5.97211e-008 0.769581
5.99211e-008 0.769581
6.01211e-008 0.769581
6.03211e-008 0.769581
6.05211e-008 0.772902
6.07211e-008 0.769581
6.09211e-008 0.769581
6.11211e-008 0.772902
6.13211e-008 0.769581
6.15211e-008 0.772902
6.17211e-008 0.769581
6.19211e-008 0.769581
6.21211e-008 0.772902
6.23211e-008 0.776223
6.25211e-008 0.769581
6.27211e-008 0.769581
6.29211e-008 0.769581
6.31211e-008 0.769581
6.33211e-008 0.772902
6.35211e-008 0.772902
6.37211e-008 0.776223
6.39211e-008 0.772902
6.41211e-008 0.776223
6.43211e-008 0.772902
6.45211e-008 0.772902
6.47211e-008 0.776223
6.49211e-008 0.772902
6.51211e-008 0.769581
6.53211e-008 0.76626
6.55211e-008 0.769581
6.57211e-008 0.769581
6.59211e-008 0.769581
6.61211e-008 0.769581
6.63211e-008 0.772902
6.65211e-008 0.772902
6.67211e-008 0.772902
6.69211e-008 0.769581
6.71211e-008 0.776223
6.73211e-008 0.772902
6.75211e-008 0.772902
6.77211e-008 0.769581
6.79211e-008 0.772902
6.81211e-008 0.772902
6.83211e-008 0.772902
6.85211e-008 0.772902
6.87211e-008 0.769581
6.89211e-008 0.769581
6.91211e-008 0.769581
6.93211e-008 0.769581
6.95211e-008 0.769581
6.97211e-008 0.769581
6.99211e-008 0.769581
7.01211e-008 0.772902
7.03211e-008 0.769581
7.05211e-008 0.772902
7.07211e-008 0.772902
7.09211e-008 0.769581
7.11211e-008 0.772902
7.13211e-008 0.769581
7.15211e-008 0.769581
7.17211e-008 0.769581
7.19211e-008 0.769581
7.21211e-008 0.76626
7.23211e-008 0.769581
7.25211e-008 0.772902
7.27211e-008 0.772902
7.29211e-008 0.772902
7.31211e-008 0.776223
7.33211e-008 0.769581
7.35211e-008 0.772902
7.37211e-008 0.772902
7.39211e-008 0.776223
7.41211e-008 0.769581
7.43211e-008 0.772902
7.45211e-008 0.76626
7.47211e-008 0.769581
7.49211e-008 0.769581
7.51211e-008 0.769581
7.53211e-008 0.769581
7.55211e-008 0.769581
7.57211e-008 0.76626
7.59211e-008 0.769581
7.61211e-008 0.769581
7.63211e-008 0.769581
7.65211e-008 0.772902
7.67211e-008 0.769581
7.69211e-008 0.769581
7.71211e-008 0.776223
7.73211e-008 0.772902
7.75211e-008 0.772902
7.77211e-008 0.776223
7.79211e-008 0.776223
7.81211e-008 0.772902
7.83211e-008 0.772902
7.85211e-008 0.772902
7.87211e-008 0.776223
7.89211e-008 0.772902
7.91211e-008 0.772902
7.93211e-008 0.769581
7.95211e-008 0.769581
7.97211e-008 0.769581
7.99211e-008 0.769581
8.01211e-008 0.769581
8.03211e-008 0.769581
8.05211e-008 0.772902
8.07211e-008 0.776223
8.09211e-008 0.772902
8.11211e-008 0.776223
8.13211e-008 0.772902
8.15211e-008 0.776223
8.17211e-008 0.772902
8.19211e-008 0.776223
8.21211e-008 0.776223
8.23211e-008 0.776223
8.25211e-008 0.772902
8.27211e-008 0.769581
8.29211e-008 0.769581
8.31211e-008 0.772902
8.33211e-008 0.772902
8.35211e-008 0.776223
8.37211e-008 0.772902
8.39211e-008 0.776223
8.41211e-008 0.776223
8.43211e-008 0.776223
8.45211e-008 0.769581
8.47211e-008 0.776223
8.49211e-008 0.776223
8.51211e-008 0.769581
8.53211e-008 0.776223
8.55211e-008 0.772902
8.57211e-008 0.772902
8.59211e-008 0.776223
8.61211e-008 0.769581
8.63211e-008 0.776223
8.65211e-008 0.776223
8.67211e-008 0.776223
8.69211e-008 0.776223
8.71211e-008 0.776223
8.73211e-008 0.772902
8.75211e-008 0.772902
8.77211e-008 0.772902
8.79211e-008 0.769581
8.81211e-008 0.769581
8.83211e-008 0.769581
8.85211e-008 0.772902
8.87211e-008 0.772902
8.89211e-008 0.772902
8.91211e-008 0.772902
8.93211e-008 0.772902
8.95211e-008 0.776223
8.97211e-008 0.772902
8.99211e-008 0.769581
9.01211e-008 0.769581
9.03211e-008 0.776223
9.05211e-008 0.769581
9.07211e-008 0.776223
9.09211e-008 0.769581
9.11211e-008 0.776223
9.13211e-008 0.776223
9.15211e-008 0.772902
9.17211e-008 0.772902
9.19211e-008 0.772902
9.21211e-008 0.776223
9.23211e-008 0.772902
9.25211e-008 0.772902
9.27211e-008 0.776223
9.29211e-008 0.772902
9.31211e-008 0.772902
9.33211e-008 0.776223
9.35211e-008 0.779544
9.37211e-008 0.776223
9.39211e-008 0.782865
9.41211e-008 0.769581
9.43211e-008 0.769581
9.45211e-008 0.772902
9.47211e-008 0.772902
9.49211e-008 0.772902
9.51211e-008 0.772902
9.53211e-008 0.772902
9.55211e-008 0.772902
9.57211e-008 0.769581
9.59211e-008 0.776223
9.61211e-008 0.776223
9.63211e-008 0.776223
9.65211e-008 0.776223
9.67211e-008 0.776223
9.69211e-008 0.779544
9.71211e-008 0.779544
9.73211e-008 0.772902
9.75211e-008 0.776223
9.77211e-008 0.776223
9.79211e-008 0.772902
9.81211e-008 0.769581
9.83211e-008 0.769581
9.85211e-008 0.772902
9.87211e-008 0.772902
9.89211e-008 0.776223
9.91211e-008 0.772902
9.93211e-008 0.772902
9.95211e-008 0.776223
9.97211e-008 0.772902
9.99211e-008 0.772902
1.00121e-007 0.772902
1.00321e-007 0.779544
1.00521e-007 0.772902
1.00721e-007 0.776223
1.00921e-007 0.772902
1.01121e-007 0.776223
1.01321e-007 0.772902
1.01521e-007 0.776223
1.01721e-007 0.769581
1.01921e-007 0.776223
1.02121e-007 0.769581
1.02321e-007 0.769581
1.02521e-007 0.772902
1.02721e-007 0.769581
1.02921e-007 0.772902
1.03121e-007 0.776223
1.03321e-007 0.776223
1.03521e-007 0.776223
1.03721e-007 0.772902
1.03921e-007 0.776223
1.04121e-007 0.769581
1.04321e-007 0.776223
1.04521e-007 0.772902
1.04721e-007 0.776223
1.04921e-007 0.772902
1.05121e-007 0.776223
1.05321e-007 0.776223
1.05521e-007 0.772902
1.05721e-007 0.769581
1.05921e-007 0.772902
1.06121e-007 0.776223
1.06321e-007 0.776223
1.06521e-007 0.776223
1.06721e-007 0.776223
1.06921e-007 0.776223
1.07121e-007 0.776223
1.07321e-007 0.772902
1.07521e-007 0.772902
1.07721e-007 0.772902
1.07921e-007 0.776223
1.08121e-007 0.772902
1.08321e-007 0.776223
1.08521e-007 0.772902
1.08721e-007 0.779544
1.08921e-007 0.772902
1.09121e-007 0.776223
1.09321e-007 0.776223
1.09521e-007 0.776223
1.09721e-007 0.769581
1.09921e-007 0.772902
1.10121e-007 0.769581
1.10321e-007 0.772902
1.10521e-007 0.769581
1.10721e-007 0.772902
1.10921e-007 0.76626
1.11121e-007 0.769581
1.11321e-007 0.769581
1.11521e-007 0.769581
1.11721e-007 0.772902
1.11921e-007 0.776223
1.12121e-007 0.772902
1.12321e-007 0.769581
1.12521e-007 0.772902
1.12721e-007 0.776223
1.12921e-007 0.772902
1.13121e-007 0.776223
1.13321e-007 0.776223
1.13521e-007 0.776223
1.13721e-007 0.776223
1.13921e-007 0.779544
1.14121e-007 0.776223
1.14321e-007 0.776223
1.14521e-007 0.779544
1.14721e-007 0.776223
1.14921e-007 0.769581
1.15121e-007 0.776223
1.15321e-007 0.772902
1.15521e-007 0.772902
1.15721e-007 0.772902
1.15921e-007 0.776223
1.16121e-007 0.772902
1.16321e-007 0.772902
1.16521e-007 0.769581
1.16721e-007 0.772902
1.16921e-007 0.772902
1.17121e-007 0.772902
1.17321e-007 0.772902
1.17521e-007 0.772902
1.17721e-007 0.769581
1.17921e-007 0.772902
1.18121e-007 0.769581
1.18321e-007 0.776223
1.18521e-007 0.769581
1.18721e-007 0.772902
1.18921e-007 0.772902
1.19121e-007 0.769581
1.19321e-007 0.772902
1.19521e-007 0.772902
1.19721e-007 0.772902
1.19921e-007 0.776223
1.20121e-007 0.776223
1.20321e-007 0.779544
1.20521e-007 0.772902
1.20721e-007 0.772902
1.20921e-007 0.776223
1.21121e-007 0.779544
1.21321e-007 0.772902
1.21521e-007 0.776223
1.21721e-007 0.772902
1.21921e-007 0.772902
1.22121e-007 0.769581
1.22321e-007 0.772902
1.22521e-007 0.772902
1.22721e-007 0.772902
1.22921e-007 0.769581
1.23121e-007 0.776223
1.23321e-007 0.772902
1.23521e-007 0.776223
1.23721e-007 0.772902
1.23921e-007 0.776223
1.24121e-007 0.772902
1.24321e-007 0.776223
1.24521e-007 0.776223
1.24721e-007 0.776223
1.24921e-007 0.776223
1.25121e-007 0.776223
1.25321e-007 0.776223
1.25521e-007 0.776223
1.25721e-007 0.772902
1.25921e-007 0.772902
1.26121e-007 0.776223
1.26321e-007 0.776223
1.26521e-007 0.772902
1.26721e-007 0.776223
1.26921e-007 0.776223
1.27121e-007 0.776223
1.27321e-007 0.772902
1.27521e-007 0.769581
1.27721e-007 0.769581
1.27921e-007 0.769581
1.28121e-007 0.772902
1.28321e-007 0.776223
1.28521e-007 0.772902
1.28721e-007 0.772902
1.28921e-007 0.772902
1.29121e-007 0.772902
1.29321e-007 0.772902
1.29521e-007 0.769581
1.29721e-007 0.769581
1.29921e-007 0.772902
1.30121e-007 0.769581
1.30321e-007 0.772902
1.30521e-007 0.772902
1.30721e-007 0.772902
1.30921e-007 0.769581
1.31121e-007 0.772902
1.31321e-007 0.772902
1.31521e-007 0.776223
1.31721e-007 0.776223
1.31921e-007 0.779544
1.32121e-007 0.776223
1.32321e-007 0.779544
1.32521e-007 0.776223
1.32721e-007 0.772902
1.32921e-007 0.772902
1.33121e-007 0.776223
1.33321e-007 0.769581
1.33521e-007 0.776223
1.33721e-007 0.772902
1.33921e-007 0.769581
1.34121e-007 0.772902
1.34321e-007 0.769581
1.34521e-007 0.769581
1.34721e-007 0.772902
1.34921e-007 0.776223
1.35121e-007 0.776223
1.35321e-007 0.772902
1.35521e-007 0.772902
1.35721e-007 0.772902
1.35921e-007 0.776223
1.36121e-007 0.776223
1.36321e-007 0.772902
1.36521e-007 0.776223
1.36721e-007 0.769581
1.36921e-007 0.769581
1.37121e-007 0.772902
1.37321e-007 0.769581
1.37521e-007 0.769581
1.37721e-007 0.76626
1.37921e-007 0.769581
1.38121e-007 0.769581
1.38321e-007 0.776223
1.38521e-007 0.776223
1.38721e-007 0.776223
1.38921e-007 0.776223
1.39121e-007 0.776223
1.39321e-007 0.772902
1.39521e-007 0.776223
1.39721e-007 0.776223
1.39921e-007 0.772902
1.40121e-007 0.776223
1.40321e-007 0.776223
1.40521e-007 0.772902
1.40721e-007 0.776223
1.40921e-007 0.772902
1.41121e-007 0.772902
1.41321e-007 0.769581
1.41521e-007 0.772902
1.41721e-007 0.769581
1.41921e-007 0.772902
1.42121e-007 0.772902
1.42321e-007 0.772902
1.42521e-007 0.772902
1.42721e-007 0.776223
1.42921e-007 0.772902
1.43121e-007 0.776223
1.43321e-007 0.772902
1.43521e-007 0.779544
1.43721e-007 0.776223
1.43921e-007 0.776223
1.44121e-007 0.776223
1.44321e-007 0.772902
1.44521e-007 0.776223
1.44721e-007 0.776223
1.44921e-007 0.772902
1.45121e-007 0.772902
1.45321e-007 0.772902
1.45521e-007 0.776223
1.45721e-007 0.776223
1.45921e-007 0.776223
1.46121e-007 0.776223
1.46321e-007 0.772902
1.46521e-007 0.772902
1.46721e-007 0.779544
1.46921e-007 0.776223
1.47121e-007 0.782865
1.47321e-007 0.776223
1.47521e-007 0.779544
1.47721e-007 0.776223
1.47921e-007 0.779544
1.48121e-007 0.779544
1.48321e-007 0.776223
1.48521e-007 0.776223
1.48721e-007 0.776223
1.48921e-007 0.772902
1.49121e-007 0.772902
1.49321e-007 0.772902
1.49521e-007 0.776223
1.49721e-007 0.772902
1.49921e-007 0.772902
1.50121e-007 0.769581
1.50321e-007 0.776223
1.50521e-007 0.776223
1.50721e-007 0.776223
1.50921e-007 0.772902
1.51121e-007 0.776223
1.51321e-007 0.772902
1.51521e-007 0.779544
1.51721e-007 0.776223
1.51921e-007 0.776223
1.52121e-007 0.776223
1.52321e-007 0.776223
1.52521e-007 0.776223
1.52721e-007 0.776223
1.52921e-007 0.772902
1.53121e-007 0.776223
1.53321e-007 0.776223
1.53521e-007 0.776223
1.53721e-007 0.772902
1.53921e-007 0.772902
1.54121e-007 0.772902
1.54321e-007 0.776223
1.54521e-007 0.779544
1.54721e-007 0.776223
1.54921e-007 0.776223
1.55121e-007 0.772902
1.55321e-007 0.769581
1.55521e-007 0.772902
1.55721e-007 0.769581
1.55921e-007 0.776223
1.56121e-007 0.772902
1.56321e-007 0.776223
1.56521e-007 0.769581
1.56721e-007 0.776223
1.56921e-007 0.772902
