LECROYWS44MXs-B 69584 Waveform
Segments 1 SegmentSize 1002
Segment TrigTime TimeSinceSegment1
#1 06-Jul-2015 14:54:12 0                 
Time Ampl
-4.32997e-008 0.761544
-4.30997e-008 0.761544
-4.28997e-008 0.758223
-4.26997e-008 0.758223
-4.24997e-008 0.758223
-4.22997e-008 0.758223
-4.20997e-008 0.764865
-4.18997e-008 0.761544
-4.16997e-008 0.761544
-4.14997e-008 0.758223
-4.12997e-008 0.764865
-4.10997e-008 0.754902
-4.08997e-008 0.758223
-4.06997e-008 0.758223
-4.04997e-008 0.761544
-4.02997e-008 0.758223
-4.00997e-008 0.758223
-3.98997e-008 0.761544
-3.96997e-008 0.761544
-3.94997e-008 0.758223
-3.92997e-008 0.758223
-3.90997e-008 0.758223
-3.88997e-008 0.758223
-3.86997e-008 0.758223
-3.84997e-008 0.761544
-3.82997e-008 0.758223
-3.80997e-008 0.758223
-3.78997e-008 0.758223
-3.76997e-008 0.758223
-3.74997e-008 0.751581
-3.72997e-008 0.761544
-3.70997e-008 0.758223
-3.68997e-008 0.761544
-3.66997e-008 0.758223
-3.64997e-008 0.761544
-3.62997e-008 0.758223
-3.60997e-008 0.764865
-3.58997e-008 0.758223
-3.56997e-008 0.761544
-3.54997e-008 0.761544
-3.52997e-008 0.761544
-3.50997e-008 0.758223
-3.48997e-008 0.758223
-3.46997e-008 0.754902
-3.44997e-008 0.754902
-3.42997e-008 0.751581
-3.40997e-008 0.754902
-3.38997e-008 0.758223
-3.36997e-008 0.758223
-3.34997e-008 0.758223
-3.32997e-008 0.758223
-3.30997e-008 0.758223
-3.28997e-008 0.758223
-3.26997e-008 0.758223
-3.24997e-008 0.758223
-3.22997e-008 0.754902
-3.20997e-008 0.758223
-3.18997e-008 0.758223
-3.16997e-008 0.758223
-3.14997e-008 0.761544
-3.12997e-008 0.761544
-3.10997e-008 0.761544
-3.08997e-008 0.761544
-3.06997e-008 0.761544
-3.04997e-008 0.758223
-3.02997e-008 0.758223
-3.00997e-008 0.761544
-2.98997e-008 0.758223
-2.96997e-008 0.758223
-2.94997e-008 0.761544
-2.92997e-008 0.764865
-2.90997e-008 0.761544
-2.88997e-008 0.761544
-2.86997e-008 0.751581
-2.84997e-008 0.761544
-2.82997e-008 0.754902
-2.80997e-008 0.761544
-2.78997e-008 0.754902
-2.76997e-008 0.758223
-2.74997e-008 0.761544
-2.72997e-008 0.761544
-2.70997e-008 0.758223
-2.68997e-008 0.758223
-2.66997e-008 0.754902
-2.64997e-008 0.758223
-2.62997e-008 0.758223
-2.60997e-008 0.764865
-2.58997e-008 0.758223
-2.56997e-008 0.761544
-2.54997e-008 0.758223
-2.52997e-008 0.761544
-2.50997e-008 0.761544
-2.48997e-008 0.761544
-2.46997e-008 0.758223
-2.44997e-008 0.758223
-2.42997e-008 0.758223
-2.40997e-008 0.758223
-2.38997e-008 0.754902
-2.36997e-008 0.758223
-2.34997e-008 0.754902
-2.32997e-008 0.758223
-2.30997e-008 0.758223
-2.28997e-008 0.758223
-2.26997e-008 0.758223
-2.24997e-008 0.761544
-2.22997e-008 0.758223
-2.20997e-008 0.758223
-2.18997e-008 0.758223
-2.16997e-008 0.758223
-2.14997e-008 0.754902
-2.12997e-008 0.754902
-2.10997e-008 0.758223
-2.08997e-008 0.761544
-2.06997e-008 0.754902
-2.04997e-008 0.761544
-2.02997e-008 0.758223
-2.00997e-008 0.761544
-1.98997e-008 0.761544
-1.96997e-008 0.761544
-1.94997e-008 0.758223
-1.92997e-008 0.764865
-1.90997e-008 0.758223
-1.88997e-008 0.758223
-1.86997e-008 0.754902
-1.84997e-008 0.758223
-1.82997e-008 0.751581
-1.80997e-008 0.758223
-1.78997e-008 0.758223
-1.76997e-008 0.758223
-1.74997e-008 0.754902
-1.72997e-008 0.758223
-1.70997e-008 0.758223
-1.68997e-008 0.754902
-1.66997e-008 0.758223
-1.64997e-008 0.764865
-1.62997e-008 0.761544
-1.60997e-008 0.764865
-1.58997e-008 0.758223
-1.56997e-008 0.758223
-1.54997e-008 0.758223
-1.52997e-008 0.761544
-1.50997e-008 0.758223
-1.48997e-008 0.758223
-1.46997e-008 0.754902
-1.44997e-008 0.758223
-1.42997e-008 0.761544
-1.40997e-008 0.758223
-1.38997e-008 0.754902
-1.36997e-008 0.761544
-1.34997e-008 0.758223
-1.32997e-008 0.758223
-1.30997e-008 0.758223
-1.28997e-008 0.758223
-1.26997e-008 0.758223
-1.24997e-008 0.758223
-1.22997e-008 0.758223
-1.20997e-008 0.758223
-1.18997e-008 0.751581
-1.16997e-008 0.758223
-1.14997e-008 0.754902
-1.12997e-008 0.758223
-1.10997e-008 0.754902
-1.08997e-008 0.754902
-1.06997e-008 0.754902
-1.04997e-008 0.761544
-1.02997e-008 0.758223
-1.00997e-008 0.758223
-9.89972e-009 0.758223
-9.69972e-009 0.761544
-9.49972e-009 0.758223
-9.29972e-009 0.761544
-9.09972e-009 0.758223
-8.89972e-009 0.761544
-8.69972e-009 0.758223
-8.49972e-009 0.758223
-8.29972e-009 0.761544
-8.09972e-009 0.758223
-7.89972e-009 0.761544
-7.69972e-009 0.758223
-7.49972e-009 0.761544
-7.29972e-009 0.761544
-7.09972e-009 0.761544
-6.89972e-009 0.764865
-6.69972e-009 0.758223
-6.49972e-009 0.761544
-6.29972e-009 0.761544
-6.09972e-009 0.764865
-5.89972e-009 0.761544
-5.69972e-009 0.771507
-5.49972e-009 0.764865
-5.29972e-009 0.768186
-5.09972e-009 0.771507
-4.89972e-009 0.768186
-4.69972e-009 0.768186
-4.49972e-009 0.771507
-4.29972e-009 0.768186
-4.09972e-009 0.771507
-3.89972e-009 0.771507
-3.69972e-009 0.778149
-3.49972e-009 0.774828
-3.29972e-009 0.78147
-3.09972e-009 0.78147
-2.89972e-009 0.78147
-2.69972e-009 0.78147
-2.49972e-009 0.784791
-2.29972e-009 0.784791
-2.09972e-009 0.784791
-1.89972e-009 0.784791
-1.69972e-009 0.784791
-1.49972e-009 0.78147
-1.29972e-009 0.794753
-1.09972e-009 0.791433
-8.99722e-010 0.794753
-6.99722e-010 0.791433
-4.99722e-010 0.798074
-2.99722e-010 0.798074
-9.97218e-011 0.798074
1.00278e-010 0.798074
3.00278e-010 0.801395
5.00278e-010 0.798074
7.00278e-010 0.801395
9.00278e-010 0.804716
1.10028e-009 0.804716
1.30028e-009 0.808037
1.50028e-009 0.811358
1.70028e-009 0.811358
1.90028e-009 0.821321
2.10028e-009 0.821321
2.30028e-009 0.821321
2.50028e-009 0.821321
2.70028e-009 0.818
2.90028e-009 0.824642
3.10028e-009 0.824642
3.30028e-009 0.824642
3.50028e-009 0.824642
3.70028e-009 0.824642
3.90028e-009 0.827963
4.10028e-009 0.827963
4.30028e-009 0.831284
4.50028e-009 0.831284
4.70028e-009 0.834605
4.90028e-009 0.837926
5.10028e-009 0.834605
5.30028e-009 0.837926
5.50028e-009 0.834605
5.70028e-009 0.841247
5.90028e-009 0.841247
6.10028e-009 0.844567
6.30028e-009 0.844567
6.50028e-009 0.844567
6.70028e-009 0.847888
6.90028e-009 0.847888
7.10028e-009 0.851209
7.30028e-009 0.85453
7.50028e-009 0.85453
7.70028e-009 0.85453
7.90028e-009 0.857851
8.10028e-009 0.857851
8.30028e-009 0.857851
8.50028e-009 0.857851
8.70028e-009 0.857851
8.90028e-009 0.861172
9.10028e-009 0.861172
9.30028e-009 0.857851
9.50028e-009 0.861172
9.70028e-009 0.864493
9.90028e-009 0.864493
1.01003e-008 0.864493
1.03003e-008 0.871135
1.05003e-008 0.867814
1.07003e-008 0.871135
1.09003e-008 0.871135
1.11003e-008 0.874456
1.13003e-008 0.871135
1.15003e-008 0.874456
1.17003e-008 0.874456
1.19003e-008 0.877777
1.21003e-008 0.871135
1.23003e-008 0.874456
1.25003e-008 0.877777
1.27003e-008 0.881098
1.29003e-008 0.874456
1.31003e-008 0.871135
1.33003e-008 0.874456
1.35003e-008 0.874456
1.37003e-008 0.874456
1.39003e-008 0.877777
1.41003e-008 0.877777
1.43003e-008 0.881098
1.45003e-008 0.877777
1.47003e-008 0.881098
1.49003e-008 0.877777
1.51003e-008 0.881098
1.53003e-008 0.881098
1.55003e-008 0.881098
1.57003e-008 0.881098
1.59003e-008 0.884419
1.61003e-008 0.881098
1.63003e-008 0.881098
1.65003e-008 0.884419
1.67003e-008 0.881098
1.69003e-008 0.88774
1.71003e-008 0.88774
1.73003e-008 0.884419
1.75003e-008 0.884419
1.77003e-008 0.884419
1.79003e-008 0.884419
1.81003e-008 0.884419
1.83003e-008 0.884419
1.85003e-008 0.884419
1.87003e-008 0.884419
1.89003e-008 0.884419
1.91003e-008 0.884419
1.93003e-008 0.88774
1.95003e-008 0.891061
1.97003e-008 0.88774
1.99003e-008 0.891061
2.01003e-008 0.884419
2.03003e-008 0.88774
2.05003e-008 0.88774
2.07003e-008 0.88774
2.09003e-008 0.884419
2.11003e-008 0.88774
2.13003e-008 0.88774
2.15003e-008 0.88774
2.17003e-008 0.884419
2.19003e-008 0.88774
2.21003e-008 0.891061
2.23003e-008 0.891061
2.25003e-008 0.891061
2.27003e-008 0.894382
2.29003e-008 0.88774
2.31003e-008 0.88774
2.33003e-008 0.88774
2.35003e-008 0.881098
2.37003e-008 0.884419
2.39003e-008 0.881098
2.41003e-008 0.881098
2.43003e-008 0.88774
2.45003e-008 0.884419
2.47003e-008 0.88774
2.49003e-008 0.884419
2.51003e-008 0.884419
2.53003e-008 0.881098
2.55003e-008 0.884419
2.57003e-008 0.884419
2.59003e-008 0.877777
2.61003e-008 0.877777
2.63003e-008 0.877777
2.65003e-008 0.877777
2.67003e-008 0.877777
2.69003e-008 0.877777
2.71003e-008 0.881098
2.73003e-008 0.884419
2.75003e-008 0.884419
2.77003e-008 0.881098
2.79003e-008 0.881098
2.81003e-008 0.877777
2.83003e-008 0.881098
2.85003e-008 0.877777
2.87003e-008 0.877777
2.89003e-008 0.874456
2.91003e-008 0.871135
2.93003e-008 0.874456
2.95003e-008 0.874456
2.97003e-008 0.867814
2.99003e-008 0.867814
3.01003e-008 0.867814
3.03003e-008 0.871135
3.05003e-008 0.867814
3.07003e-008 0.871135
3.09003e-008 0.864493
3.11003e-008 0.867814
3.13003e-008 0.867814
3.15003e-008 0.871135
3.17003e-008 0.864493
3.19003e-008 0.874456
3.21003e-008 0.867814
3.23003e-008 0.867814
3.25003e-008 0.864493
3.27003e-008 0.871135
3.29003e-008 0.864493
3.31003e-008 0.864493
3.33003e-008 0.867814
3.35003e-008 0.861172
3.37003e-008 0.857851
3.39003e-008 0.861172
3.41003e-008 0.861172
3.43003e-008 0.861172
3.45003e-008 0.864493
3.47003e-008 0.864493
3.49003e-008 0.861172
3.51003e-008 0.861172
3.53003e-008 0.861172
3.55003e-008 0.864493
3.57003e-008 0.857851
3.59003e-008 0.857851
3.61003e-008 0.857851
3.63003e-008 0.857851
3.65003e-008 0.857851
3.67003e-008 0.857851
3.69003e-008 0.851209
3.71003e-008 0.85453
3.73003e-008 0.851209
3.75003e-008 0.851209
3.77003e-008 0.851209
3.79003e-008 0.851209
3.81003e-008 0.847888
3.83003e-008 0.851209
3.85003e-008 0.847888
3.87003e-008 0.851209
3.89003e-008 0.847888
3.91003e-008 0.851209
3.93003e-008 0.847888
3.95003e-008 0.847888
3.97003e-008 0.847888
3.99003e-008 0.847888
4.01003e-008 0.844567
4.03003e-008 0.844567
4.05003e-008 0.844567
4.07003e-008 0.841247
4.09003e-008 0.847888
4.11003e-008 0.844567
4.13003e-008 0.837926
4.15003e-008 0.847888
4.17003e-008 0.841247
4.19003e-008 0.844567
4.21003e-008 0.837926
4.23003e-008 0.841247
4.25003e-008 0.834605
4.27003e-008 0.837926
4.29003e-008 0.837926
4.31003e-008 0.837926
4.33003e-008 0.837926
4.35003e-008 0.837926
4.37003e-008 0.834605
4.39003e-008 0.831284
4.41003e-008 0.831284
4.43003e-008 0.834605
4.45003e-008 0.834605
4.47003e-008 0.831284
4.49003e-008 0.831284
4.51003e-008 0.831284
4.53003e-008 0.834605
4.55003e-008 0.831284
4.57003e-008 0.831284
4.59003e-008 0.831284
4.61003e-008 0.824642
4.63003e-008 0.827963
4.65003e-008 0.824642
4.67003e-008 0.824642
4.69003e-008 0.824642
4.71003e-008 0.824642
4.73003e-008 0.821321
4.75003e-008 0.824642
4.77003e-008 0.821321
4.79003e-008 0.821321
4.81003e-008 0.821321
4.83003e-008 0.818
4.85003e-008 0.824642
4.87003e-008 0.824642
4.89003e-008 0.818
4.91003e-008 0.818
4.93003e-008 0.821321
4.95003e-008 0.818
4.97003e-008 0.821321
4.99003e-008 0.814679
5.01003e-008 0.818
5.03003e-008 0.818
5.05003e-008 0.814679
5.07003e-008 0.814679
5.09003e-008 0.818
5.11003e-008 0.818
5.13003e-008 0.818
5.15003e-008 0.811358
5.17003e-008 0.818
5.19003e-008 0.808037
5.21003e-008 0.821321
5.23003e-008 0.811358
5.25003e-008 0.814679
5.27003e-008 0.808037
5.29003e-008 0.808037
5.31003e-008 0.808037
5.33003e-008 0.808037
5.35003e-008 0.801395
5.37003e-008 0.808037
5.39003e-008 0.811358
5.41003e-008 0.811358
5.43003e-008 0.811358
5.45003e-008 0.808037
5.47003e-008 0.811358
5.49003e-008 0.811358
5.51003e-008 0.804716
5.53003e-008 0.804716
5.55003e-008 0.808037
5.57003e-008 0.804716
5.59003e-008 0.804716
5.61003e-008 0.808037
5.63003e-008 0.808037
5.65003e-008 0.804716
5.67003e-008 0.804716
5.69003e-008 0.804716
5.71003e-008 0.801395
5.73003e-008 0.798074
5.75003e-008 0.798074
5.77003e-008 0.794753
5.79003e-008 0.798074
5.81003e-008 0.794753
5.83003e-008 0.798074
5.85003e-008 0.794753
5.87003e-008 0.798074
5.89003e-008 0.798074
5.91003e-008 0.798074
5.93003e-008 0.798074
5.95003e-008 0.798074
5.97003e-008 0.798074
5.99003e-008 0.794753
6.01003e-008 0.794753
6.03003e-008 0.794753
6.05003e-008 0.791433
6.07003e-008 0.791433
6.09003e-008 0.791433
6.11003e-008 0.791433
6.13003e-008 0.784791
6.15003e-008 0.791433
6.17003e-008 0.791433
6.19003e-008 0.791433
6.21003e-008 0.784791
6.23003e-008 0.791433
6.25003e-008 0.791433
6.27003e-008 0.791433
6.29003e-008 0.791433
6.31003e-008 0.794753
6.33003e-008 0.788112
6.35003e-008 0.791433
6.37003e-008 0.788112
6.39003e-008 0.794753
6.41003e-008 0.784791
6.43003e-008 0.788112
6.45003e-008 0.788112
6.47003e-008 0.788112
6.49003e-008 0.784791
6.51003e-008 0.788112
6.53003e-008 0.784791
6.55003e-008 0.784791
6.57003e-008 0.778149
6.59003e-008 0.778149
6.61003e-008 0.778149
6.63003e-008 0.784791
6.65003e-008 0.778149
6.67003e-008 0.784791
6.69003e-008 0.784791
6.71003e-008 0.78147
6.73003e-008 0.778149
6.75003e-008 0.78147
6.77003e-008 0.78147
6.79003e-008 0.784791
6.81003e-008 0.784791
6.83003e-008 0.784791
6.85003e-008 0.784791
6.87003e-008 0.784791
6.89003e-008 0.784791
6.91003e-008 0.784791
6.93003e-008 0.778149
6.95003e-008 0.778149
6.97003e-008 0.778149
6.99003e-008 0.778149
7.01003e-008 0.778149
7.03003e-008 0.778149
7.05003e-008 0.774828
7.07003e-008 0.778149
7.09003e-008 0.78147
7.11003e-008 0.778149
7.13003e-008 0.778149
7.15003e-008 0.778149
7.17003e-008 0.778149
7.19003e-008 0.774828
7.21003e-008 0.771507
7.23003e-008 0.774828
7.25003e-008 0.774828
7.27003e-008 0.774828
7.29003e-008 0.774828
7.31003e-008 0.774828
7.33003e-008 0.774828
7.35003e-008 0.778149
7.37003e-008 0.774828
7.39003e-008 0.778149
7.41003e-008 0.778149
7.43003e-008 0.774828
7.45003e-008 0.774828
7.47003e-008 0.778149
7.49003e-008 0.771507
7.51003e-008 0.774828
7.53003e-008 0.771507
7.55003e-008 0.774828
7.57003e-008 0.774828
7.59003e-008 0.771507
7.61003e-008 0.771507
7.63003e-008 0.771507
7.65003e-008 0.768186
7.67003e-008 0.771507
7.69003e-008 0.771507
7.71003e-008 0.774828
7.73003e-008 0.768186
7.75003e-008 0.778149
7.77003e-008 0.774828
7.79003e-008 0.771507
7.81003e-008 0.771507
7.83003e-008 0.774828
7.85003e-008 0.768186
7.87003e-008 0.771507
7.89003e-008 0.768186
7.91003e-008 0.768186
7.93003e-008 0.768186
7.95003e-008 0.764865
7.97003e-008 0.764865
7.99003e-008 0.771507
8.01003e-008 0.764865
8.03003e-008 0.768186
8.05003e-008 0.764865
8.07003e-008 0.768186
8.09003e-008 0.768186
8.11003e-008 0.768186
8.13003e-008 0.768186
8.15003e-008 0.771507
8.17003e-008 0.764865
8.19003e-008 0.768186
8.21003e-008 0.761544
8.23003e-008 0.768186
8.25003e-008 0.764865
8.27003e-008 0.768186
8.29003e-008 0.764865
8.31003e-008 0.768186
8.33003e-008 0.764865
8.35003e-008 0.768186
8.37003e-008 0.764865
8.39003e-008 0.764865
8.41003e-008 0.761544
8.43003e-008 0.764865
8.45003e-008 0.761544
8.47003e-008 0.768186
8.49003e-008 0.764865
8.51003e-008 0.768186
8.53003e-008 0.764865
8.55003e-008 0.771507
8.57003e-008 0.764865
8.59003e-008 0.768186
8.61003e-008 0.764865
8.63003e-008 0.768186
8.65003e-008 0.761544
8.67003e-008 0.768186
8.69003e-008 0.758223
8.71003e-008 0.768186
8.73003e-008 0.761544
8.75003e-008 0.761544
8.77003e-008 0.758223
8.79003e-008 0.764865
8.81003e-008 0.758223
8.83003e-008 0.758223
8.85003e-008 0.758223
8.87003e-008 0.761544
8.89003e-008 0.761544
8.91003e-008 0.768186
8.93003e-008 0.758223
8.95003e-008 0.761544
8.97003e-008 0.761544
8.99003e-008 0.764865
9.01003e-008 0.764865
9.03003e-008 0.761544
9.05003e-008 0.761544
9.07003e-008 0.761544
9.09003e-008 0.761544
9.11003e-008 0.764865
9.13003e-008 0.758223
9.15003e-008 0.764865
9.17003e-008 0.764865
9.19003e-008 0.761544
9.21003e-008 0.761544
9.23003e-008 0.764865
9.25003e-008 0.758223
9.27003e-008 0.761544
9.29003e-008 0.758223
9.31003e-008 0.764865
9.33003e-008 0.761544
9.35003e-008 0.761544
9.37003e-008 0.761544
9.39003e-008 0.761544
9.41003e-008 0.758223
9.43003e-008 0.754902
9.45003e-008 0.754902
9.47003e-008 0.754902
9.49003e-008 0.758223
9.51003e-008 0.758223
9.53003e-008 0.754902
9.55003e-008 0.758223
9.57003e-008 0.761544
9.59003e-008 0.761544
9.61003e-008 0.758223
9.63003e-008 0.758223
9.65003e-008 0.758223
9.67003e-008 0.761544
9.69003e-008 0.758223
9.71003e-008 0.761544
9.73003e-008 0.754902
9.75003e-008 0.761544
9.77003e-008 0.761544
9.79003e-008 0.764865
9.81003e-008 0.754902
9.83003e-008 0.758223
9.85003e-008 0.758223
9.87003e-008 0.761544
9.89003e-008 0.758223
9.91003e-008 0.758223
9.93003e-008 0.754902
9.95003e-008 0.758223
9.97003e-008 0.758223
9.99003e-008 0.758223
1.001e-007 0.761544
1.003e-007 0.758223
1.005e-007 0.761544
1.007e-007 0.758223
1.009e-007 0.751581
1.011e-007 0.754902
1.013e-007 0.758223
1.015e-007 0.754902
1.017e-007 0.751581
1.019e-007 0.751581
1.021e-007 0.754902
1.023e-007 0.754902
1.025e-007 0.754902
1.027e-007 0.758223
1.029e-007 0.754902
1.031e-007 0.751581
1.033e-007 0.754902
1.035e-007 0.758223
1.037e-007 0.758223
1.039e-007 0.761544
1.041e-007 0.758223
1.043e-007 0.758223
1.045e-007 0.754902
1.047e-007 0.754902
1.049e-007 0.754902
1.051e-007 0.758223
1.053e-007 0.754902
1.055e-007 0.758223
1.057e-007 0.758223
1.059e-007 0.758223
1.061e-007 0.754902
1.063e-007 0.758223
1.065e-007 0.754902
1.067e-007 0.764865
1.069e-007 0.758223
1.071e-007 0.761544
1.073e-007 0.758223
1.075e-007 0.764865
1.077e-007 0.758223
1.079e-007 0.758223
1.081e-007 0.754902
1.083e-007 0.758223
1.085e-007 0.751581
1.087e-007 0.758223
1.089e-007 0.758223
1.091e-007 0.758223
1.093e-007 0.754902
1.095e-007 0.754902
1.097e-007 0.751581
1.099e-007 0.758223
1.101e-007 0.758223
1.103e-007 0.754902
1.105e-007 0.751581
1.107e-007 0.754902
1.109e-007 0.754902
1.111e-007 0.758223
1.113e-007 0.754902
1.115e-007 0.758223
1.117e-007 0.751581
1.119e-007 0.754902
1.121e-007 0.751581
1.123e-007 0.758223
1.125e-007 0.751581
1.127e-007 0.758223
1.129e-007 0.754902
1.131e-007 0.758223
1.133e-007 0.754902
1.135e-007 0.751581
1.137e-007 0.754902
1.139e-007 0.754902
1.141e-007 0.751581
1.143e-007 0.758223
1.145e-007 0.754902
1.147e-007 0.751581
1.149e-007 0.751581
1.151e-007 0.754902
1.153e-007 0.754902
1.155e-007 0.751581
1.157e-007 0.751581
1.159e-007 0.754902
1.161e-007 0.751581
1.163e-007 0.751581
1.165e-007 0.754902
1.167e-007 0.754902
1.169e-007 0.754902
1.171e-007 0.751581
1.173e-007 0.751581
1.175e-007 0.754902
1.177e-007 0.754902
1.179e-007 0.758223
1.181e-007 0.754902
1.183e-007 0.754902
1.185e-007 0.751581
1.187e-007 0.754902
1.189e-007 0.751581
1.191e-007 0.754902
1.193e-007 0.751581
1.195e-007 0.758223
1.197e-007 0.751581
1.199e-007 0.754902
1.201e-007 0.754902
1.203e-007 0.754902
1.205e-007 0.751581
1.207e-007 0.751581
1.209e-007 0.74826
1.211e-007 0.758223
1.213e-007 0.751581
1.215e-007 0.754902
1.217e-007 0.751581
1.219e-007 0.754902
1.221e-007 0.751581
1.223e-007 0.754902
1.225e-007 0.751581
1.227e-007 0.758223
1.229e-007 0.754902
1.231e-007 0.761544
1.233e-007 0.754902
1.235e-007 0.758223
1.237e-007 0.754902
1.239e-007 0.754902
1.241e-007 0.751581
1.243e-007 0.758223
1.245e-007 0.751581
1.247e-007 0.758223
1.249e-007 0.754902
1.251e-007 0.754902
1.253e-007 0.751581
1.255e-007 0.758223
1.257e-007 0.751581
1.259e-007 0.751581
1.261e-007 0.751581
1.263e-007 0.751581
1.265e-007 0.751581
1.267e-007 0.751581
1.269e-007 0.754902
1.271e-007 0.758223
1.273e-007 0.751581
1.275e-007 0.758223
1.277e-007 0.751581
1.279e-007 0.758223
1.281e-007 0.754902
1.283e-007 0.758223
1.285e-007 0.751581
1.287e-007 0.754902
1.289e-007 0.751581
1.291e-007 0.758223
1.293e-007 0.751581
1.295e-007 0.754902
1.297e-007 0.751581
1.299e-007 0.754902
1.301e-007 0.754902
1.303e-007 0.758223
1.305e-007 0.758223
1.307e-007 0.751581
1.309e-007 0.754902
1.311e-007 0.754902
1.313e-007 0.754902
1.315e-007 0.754902
1.317e-007 0.751581
1.319e-007 0.758223
1.321e-007 0.751581
1.323e-007 0.758223
1.325e-007 0.758223
1.327e-007 0.754902
1.329e-007 0.751581
1.331e-007 0.754902
1.333e-007 0.751581
1.335e-007 0.751581
1.337e-007 0.751581
1.339e-007 0.754902
1.341e-007 0.751581
1.343e-007 0.754902
1.345e-007 0.754902
1.347e-007 0.758223
1.349e-007 0.758223
1.351e-007 0.754902
1.353e-007 0.758223
1.355e-007 0.754902
1.357e-007 0.751581
1.359e-007 0.758223
1.361e-007 0.754902
1.363e-007 0.754902
1.365e-007 0.751581
1.367e-007 0.751581
1.369e-007 0.751581
1.371e-007 0.754902
1.373e-007 0.754902
1.375e-007 0.754902
1.377e-007 0.751581
1.379e-007 0.758223
1.381e-007 0.751581
1.383e-007 0.751581
1.385e-007 0.751581
1.387e-007 0.754902
1.389e-007 0.751581
1.391e-007 0.758223
1.393e-007 0.754902
1.395e-007 0.758223
1.397e-007 0.751581
1.399e-007 0.758223
1.401e-007 0.754902
1.403e-007 0.758223
1.405e-007 0.751581
1.407e-007 0.754902
1.409e-007 0.751581
1.411e-007 0.758223
1.413e-007 0.754902
1.415e-007 0.754902
1.417e-007 0.751581
1.419e-007 0.751581
1.421e-007 0.754902
1.423e-007 0.754902
1.425e-007 0.751581
1.427e-007 0.754902
1.429e-007 0.754902
1.431e-007 0.758223
1.433e-007 0.751581
1.435e-007 0.754902
1.437e-007 0.751581
1.439e-007 0.758223
1.441e-007 0.754902
1.443e-007 0.754902
1.445e-007 0.751581
1.447e-007 0.754902
1.449e-007 0.754902
1.451e-007 0.758223
1.453e-007 0.751581
1.455e-007 0.758223
1.457e-007 0.758223
1.459e-007 0.758223
1.461e-007 0.758223
1.463e-007 0.761544
1.465e-007 0.754902
1.467e-007 0.754902
1.469e-007 0.751581
1.471e-007 0.758223
1.473e-007 0.751581
1.475e-007 0.754902
1.477e-007 0.751581
1.479e-007 0.754902
1.481e-007 0.751581
1.483e-007 0.751581
1.485e-007 0.754902
1.487e-007 0.758223
1.489e-007 0.751581
1.491e-007 0.758223
1.493e-007 0.758223
1.495e-007 0.758223
1.497e-007 0.758223
1.499e-007 0.758223
1.501e-007 0.751581
1.503e-007 0.751581
1.505e-007 0.751581
1.507e-007 0.754902
1.509e-007 0.754902
1.511e-007 0.751581
1.513e-007 0.751581
1.515e-007 0.751581
1.517e-007 0.758223
1.519e-007 0.758223
1.521e-007 0.758223
1.523e-007 0.754902
1.525e-007 0.758223
1.527e-007 0.761544
1.529e-007 0.754902
1.531e-007 0.761544
1.533e-007 0.751581
1.535e-007 0.754902
1.537e-007 0.751581
1.539e-007 0.754902
1.541e-007 0.754902
1.543e-007 0.758223
1.545e-007 0.754902
1.547e-007 0.761544
1.549e-007 0.758223
1.551e-007 0.758223
1.553e-007 0.758223
1.555e-007 0.761544
1.557e-007 0.754902
1.559e-007 0.758223
1.561e-007 0.758223
1.563e-007 0.754902
1.565e-007 0.754902
1.567e-007 0.754902
1.569e-007 0.751581
