LECROYWS44MXs-B 69584 Waveform
Segments 1 SegmentSize 1002
Segment TrigTime TimeSinceSegment1
#1 06-Jul-2015 14:36:00 0                 
Time Ampl
-4.33852e-008 0.758223
-4.31852e-008 0.758223
-4.29852e-008 0.758223
-4.27852e-008 0.761544
-4.25852e-008 0.754902
-4.23852e-008 0.758223
-4.21852e-008 0.758223
-4.19852e-008 0.754902
-4.17852e-008 0.754902
-4.15852e-008 0.758223
-4.13852e-008 0.754902
-4.11852e-008 0.751581
-4.09852e-008 0.751581
-4.07852e-008 0.758223
-4.05852e-008 0.758223
-4.03852e-008 0.764865
-4.01852e-008 0.761544
-3.99852e-008 0.758223
-3.97852e-008 0.758223
-3.95852e-008 0.758223
-3.93852e-008 0.758223
-3.91852e-008 0.761544
-3.89852e-008 0.758223
-3.87852e-008 0.758223
-3.85852e-008 0.758223
-3.83852e-008 0.758223
-3.81852e-008 0.758223
-3.79852e-008 0.758223
-3.77852e-008 0.758223
-3.75852e-008 0.764865
-3.73852e-008 0.758223
-3.71852e-008 0.761544
-3.69852e-008 0.758223
-3.67852e-008 0.758223
-3.65852e-008 0.754902
-3.63852e-008 0.761544
-3.61852e-008 0.758223
-3.59852e-008 0.761544
-3.57852e-008 0.761544
-3.55852e-008 0.761544
-3.53852e-008 0.761544
-3.51852e-008 0.761544
-3.49852e-008 0.758223
-3.47852e-008 0.758223
-3.45852e-008 0.758223
-3.43852e-008 0.758223
-3.41852e-008 0.758223
-3.39852e-008 0.761544
-3.37852e-008 0.758223
-3.35852e-008 0.758223
-3.33852e-008 0.758223
-3.31852e-008 0.758223
-3.29852e-008 0.758223
-3.27852e-008 0.758223
-3.25852e-008 0.758223
-3.23852e-008 0.758223
-3.21852e-008 0.758223
-3.19852e-008 0.758223
-3.17852e-008 0.754902
-3.15852e-008 0.758223
-3.13852e-008 0.758223
-3.11852e-008 0.758223
-3.09852e-008 0.758223
-3.07852e-008 0.758223
-3.05852e-008 0.758223
-3.03852e-008 0.761544
-3.01852e-008 0.758223
-2.99852e-008 0.761544
-2.97852e-008 0.758223
-2.95852e-008 0.761544
-2.93852e-008 0.754902
-2.91852e-008 0.758223
-2.89852e-008 0.758223
-2.87852e-008 0.761544
-2.85852e-008 0.758223
-2.83852e-008 0.761544
-2.81852e-008 0.761544
-2.79852e-008 0.758223
-2.77852e-008 0.758223
-2.75852e-008 0.761544
-2.73852e-008 0.758223
-2.71852e-008 0.761544
-2.69852e-008 0.754902
-2.67852e-008 0.758223
-2.65852e-008 0.754902
-2.63852e-008 0.761544
-2.61852e-008 0.751581
-2.59852e-008 0.758223
-2.57852e-008 0.754902
-2.55852e-008 0.758223
-2.53852e-008 0.754902
-2.51852e-008 0.764865
-2.49852e-008 0.761544
-2.47852e-008 0.758223
-2.45852e-008 0.761544
-2.43852e-008 0.758223
-2.41852e-008 0.758223
-2.39852e-008 0.758223
-2.37852e-008 0.754902
-2.35852e-008 0.758223
-2.33852e-008 0.758223
-2.31852e-008 0.761544
-2.29852e-008 0.758223
-2.27852e-008 0.758223
-2.25852e-008 0.754902
-2.23852e-008 0.761544
-2.21852e-008 0.758223
-2.19852e-008 0.758223
-2.17852e-008 0.758223
-2.15852e-008 0.761544
-2.13852e-008 0.758223
-2.11852e-008 0.758223
-2.09852e-008 0.754902
-2.07852e-008 0.758223
-2.05852e-008 0.754902
-2.03852e-008 0.758223
-2.01852e-008 0.754902
-1.99852e-008 0.758223
-1.97852e-008 0.751581
-1.95852e-008 0.758223
-1.93852e-008 0.758223
-1.91852e-008 0.761544
-1.89852e-008 0.754902
-1.87852e-008 0.761544
-1.85852e-008 0.758223
-1.83852e-008 0.758223
-1.81852e-008 0.754902
-1.79852e-008 0.758223
-1.77852e-008 0.754902
-1.75852e-008 0.758223
-1.73852e-008 0.754902
-1.71852e-008 0.754902
-1.69852e-008 0.754902
-1.67852e-008 0.758223
-1.65852e-008 0.758223
-1.63852e-008 0.761544
-1.61852e-008 0.758223
-1.59852e-008 0.758223
-1.57852e-008 0.754902
-1.55852e-008 0.761544
-1.53852e-008 0.758223
-1.51852e-008 0.761544
-1.49852e-008 0.758223
-1.47852e-008 0.758223
-1.45852e-008 0.754902
-1.43852e-008 0.758223
-1.41852e-008 0.754902
-1.39852e-008 0.754902
-1.37852e-008 0.754902
-1.35852e-008 0.754902
-1.33852e-008 0.754902
-1.31852e-008 0.758223
-1.29852e-008 0.754902
-1.27852e-008 0.758223
-1.25852e-008 0.754902
-1.23852e-008 0.761544
-1.21852e-008 0.758223
-1.19852e-008 0.758223
-1.17852e-008 0.758223
-1.15852e-008 0.758223
-1.13852e-008 0.758223
-1.11852e-008 0.758223
-1.09852e-008 0.758223
-1.07852e-008 0.761544
-1.05852e-008 0.754902
-1.03852e-008 0.758223
-1.01852e-008 0.754902
-9.98519e-009 0.761544
-9.78519e-009 0.761544
-9.58519e-009 0.758223
-9.38519e-009 0.758223
-9.18519e-009 0.761544
-8.98519e-009 0.754902
-8.78519e-009 0.764865
-8.58519e-009 0.758223
-8.38519e-009 0.754902
-8.18519e-009 0.758223
-7.98519e-009 0.758223
-7.78519e-009 0.758223
-7.58519e-009 0.764865
-7.38519e-009 0.761544
-7.18519e-009 0.764865
-6.98519e-009 0.761544
-6.78519e-009 0.761544
-6.58519e-009 0.761544
-6.38519e-009 0.764865
-6.18519e-009 0.764865
-5.98519e-009 0.768186
-5.78519e-009 0.764865
-5.58519e-009 0.768186
-5.38519e-009 0.764865
-5.18519e-009 0.764865
-4.98519e-009 0.768186
-4.78519e-009 0.771507
-4.58519e-009 0.768186
-4.38519e-009 0.771507
-4.18519e-009 0.771507
-3.98519e-009 0.774828
-3.78519e-009 0.774828
-3.58519e-009 0.774828
-3.38519e-009 0.774828
-3.18519e-009 0.774828
-2.98519e-009 0.774828
-2.78519e-009 0.778149
-2.58519e-009 0.778149
-2.38519e-009 0.784791
-2.18519e-009 0.778149
-1.98519e-009 0.784791
-1.78519e-009 0.784791
-1.58519e-009 0.788112
-1.38519e-009 0.788112
-1.18519e-009 0.791433
-9.85188e-010 0.794753
-7.85188e-010 0.794753
-5.85188e-010 0.798074
-3.85188e-010 0.798074
-1.85188e-010 0.798074
1.48118e-011 0.801395
2.14812e-010 0.804716
4.14812e-010 0.804716
6.14812e-010 0.808037
8.14812e-010 0.811358
1.01481e-009 0.811358
1.21481e-009 0.811358
1.41481e-009 0.811358
1.61481e-009 0.811358
1.81481e-009 0.811358
2.01481e-009 0.811358
2.21481e-009 0.811358
2.41481e-009 0.818
2.61481e-009 0.818
2.81481e-009 0.818
3.01481e-009 0.814679
3.21481e-009 0.821321
3.41481e-009 0.821321
3.61481e-009 0.824642
3.81481e-009 0.821321
4.01481e-009 0.824642
4.21481e-009 0.824642
4.41481e-009 0.821321
4.61481e-009 0.827963
4.81481e-009 0.824642
5.01481e-009 0.831284
5.21481e-009 0.831284
5.41481e-009 0.824642
5.61481e-009 0.827963
5.81481e-009 0.821321
6.01481e-009 0.827963
6.21481e-009 0.824642
6.41481e-009 0.824642
6.61481e-009 0.824642
6.81481e-009 0.824642
7.01481e-009 0.827963
7.21481e-009 0.824642
7.41481e-009 0.827963
7.61481e-009 0.821321
7.81481e-009 0.821321
8.01481e-009 0.818
8.21481e-009 0.821321
8.41481e-009 0.821321
8.61481e-009 0.821321
8.81481e-009 0.818
9.01481e-009 0.821321
9.21481e-009 0.818
9.41481e-009 0.818
9.61481e-009 0.818
9.81481e-009 0.821321
1.00148e-008 0.818
1.02148e-008 0.814679
1.04148e-008 0.814679
1.06148e-008 0.811358
1.08148e-008 0.811358
1.10148e-008 0.811358
1.12148e-008 0.811358
1.14148e-008 0.808037
1.16148e-008 0.808037
1.18148e-008 0.811358
1.20148e-008 0.804716
1.22148e-008 0.808037
1.24148e-008 0.808037
1.26148e-008 0.798074
1.28148e-008 0.804716
1.30148e-008 0.804716
1.32148e-008 0.801395
1.34148e-008 0.801395
1.36148e-008 0.801395
1.38148e-008 0.801395
1.40148e-008 0.801395
1.42148e-008 0.801395
1.44148e-008 0.801395
1.46148e-008 0.798074
1.48148e-008 0.794753
1.50148e-008 0.794753
1.52148e-008 0.794753
1.54148e-008 0.794753
1.56148e-008 0.794753
1.58148e-008 0.788112
1.60148e-008 0.791433
1.62148e-008 0.788112
1.64148e-008 0.788112
1.66148e-008 0.784791
1.68148e-008 0.791433
1.70148e-008 0.784791
1.72148e-008 0.788112
1.74148e-008 0.788112
1.76148e-008 0.788112
1.78148e-008 0.778149
1.80148e-008 0.78147
1.82148e-008 0.784791
1.84148e-008 0.784791
1.86148e-008 0.78147
1.88148e-008 0.78147
1.90148e-008 0.778149
1.92148e-008 0.774828
1.94148e-008 0.771507
1.96148e-008 0.771507
1.98148e-008 0.771507
2.00148e-008 0.774828
2.02148e-008 0.771507
2.04148e-008 0.774828
2.06148e-008 0.771507
2.08148e-008 0.771507
2.10148e-008 0.771507
2.12148e-008 0.771507
2.14148e-008 0.768186
2.16148e-008 0.768186
2.18148e-008 0.761544
2.20148e-008 0.768186
2.22148e-008 0.761544
2.24148e-008 0.768186
2.26148e-008 0.764865
2.28148e-008 0.768186
2.30148e-008 0.761544
2.32148e-008 0.768186
2.34148e-008 0.764865
2.36148e-008 0.764865
2.38148e-008 0.761544
2.40148e-008 0.764865
2.42148e-008 0.758223
2.44148e-008 0.761544
2.46148e-008 0.758223
2.48148e-008 0.761544
2.50148e-008 0.758223
2.52148e-008 0.758223
2.54148e-008 0.754902
2.56148e-008 0.758223
2.58148e-008 0.751581
2.60148e-008 0.758223
2.62148e-008 0.751581
2.64148e-008 0.754902
2.66148e-008 0.754902
2.68148e-008 0.754902
2.70148e-008 0.754902
2.72148e-008 0.761544
2.74148e-008 0.758223
2.76148e-008 0.761544
2.78148e-008 0.758223
2.80148e-008 0.754902
2.82148e-008 0.751581
2.84148e-008 0.758223
2.86148e-008 0.751581
2.88148e-008 0.758223
2.90148e-008 0.754902
2.92148e-008 0.751581
2.94148e-008 0.751581
2.96148e-008 0.751581
2.98148e-008 0.74826
3.00148e-008 0.74826
3.02148e-008 0.74826
3.04148e-008 0.751581
3.06148e-008 0.74826
3.08148e-008 0.751581
3.10148e-008 0.744939
3.12148e-008 0.751581
3.14148e-008 0.751581
3.16148e-008 0.751581
3.18148e-008 0.74826
3.20148e-008 0.74826
3.22148e-008 0.744939
3.24148e-008 0.74826
3.26148e-008 0.744939
3.28148e-008 0.74826
3.30148e-008 0.741618
3.32148e-008 0.751581
3.34148e-008 0.74826
3.36148e-008 0.751581
3.38148e-008 0.74826
3.40148e-008 0.751581
3.42148e-008 0.74826
3.44148e-008 0.751581
3.46148e-008 0.74826
3.48148e-008 0.751581
3.50148e-008 0.744939
3.52148e-008 0.74826
3.54148e-008 0.741618
3.56148e-008 0.74826
3.58148e-008 0.744939
3.60148e-008 0.74826
3.62148e-008 0.744939
3.64148e-008 0.74826
3.66148e-008 0.744939
3.68148e-008 0.74826
3.70148e-008 0.744939
3.72148e-008 0.751581
3.74148e-008 0.74826
3.76148e-008 0.74826
3.78148e-008 0.74826
3.80148e-008 0.751581
3.82148e-008 0.74826
3.84148e-008 0.751581
3.86148e-008 0.751581
3.88148e-008 0.751581
3.90148e-008 0.751581
3.92148e-008 0.74826
3.94148e-008 0.74826
3.96148e-008 0.751581
3.98148e-008 0.74826
4.00148e-008 0.751581
4.02148e-008 0.74826
4.04148e-008 0.754902
4.06148e-008 0.74826
4.08148e-008 0.751581
4.10148e-008 0.74826
4.12148e-008 0.751581
4.14148e-008 0.751581
4.16148e-008 0.751581
4.18148e-008 0.74826
4.20148e-008 0.751581
4.22148e-008 0.751581
4.24148e-008 0.751581
4.26148e-008 0.751581
4.28148e-008 0.751581
4.30148e-008 0.74826
4.32148e-008 0.74826
4.34148e-008 0.744939
4.36148e-008 0.751581
4.38148e-008 0.74826
4.40148e-008 0.751581
4.42148e-008 0.74826
4.44148e-008 0.744939
4.46148e-008 0.751581
4.48148e-008 0.751581
4.50148e-008 0.751581
4.52148e-008 0.754902
4.54148e-008 0.751581
4.56148e-008 0.751581
4.58148e-008 0.74826
4.60148e-008 0.74826
4.62148e-008 0.74826
4.64148e-008 0.751581
4.66148e-008 0.74826
4.68148e-008 0.751581
4.70148e-008 0.751581
4.72148e-008 0.751581
4.74148e-008 0.751581
4.76148e-008 0.751581
4.78148e-008 0.751581
4.80148e-008 0.754902
4.82148e-008 0.751581
4.84148e-008 0.751581
4.86148e-008 0.751581
4.88148e-008 0.751581
4.90148e-008 0.74826
4.92148e-008 0.751581
4.94148e-008 0.751581
4.96148e-008 0.751581
4.98148e-008 0.751581
5.00148e-008 0.751581
5.02148e-008 0.751581
5.04148e-008 0.754902
5.06148e-008 0.754902
5.08148e-008 0.751581
5.10148e-008 0.751581
5.12148e-008 0.754902
5.14148e-008 0.751581
5.16148e-008 0.754902
5.18148e-008 0.751581
5.20148e-008 0.754902
5.22148e-008 0.74826
5.24148e-008 0.751581
5.26148e-008 0.751581
5.28148e-008 0.751581
5.30148e-008 0.751581
5.32148e-008 0.754902
5.34148e-008 0.751581
5.36148e-008 0.754902
5.38148e-008 0.751581
5.40148e-008 0.754902
5.42148e-008 0.751581
5.44148e-008 0.754902
5.46148e-008 0.74826
5.48148e-008 0.754902
5.50148e-008 0.754902
5.52148e-008 0.758223
5.54148e-008 0.751581
5.56148e-008 0.754902
5.58148e-008 0.751581
5.60148e-008 0.754902
5.62148e-008 0.754902
5.64148e-008 0.758223
5.66148e-008 0.754902
5.68148e-008 0.758223
5.70148e-008 0.751581
5.72148e-008 0.751581
5.74148e-008 0.74826
5.76148e-008 0.754902
5.78148e-008 0.754902
5.80148e-008 0.758223
5.82148e-008 0.754902
5.84148e-008 0.758223
5.86148e-008 0.754902
5.88148e-008 0.754902
5.90148e-008 0.758223
5.92148e-008 0.754902
5.94148e-008 0.751581
5.96148e-008 0.758223
5.98148e-008 0.751581
6.00148e-008 0.754902
6.02148e-008 0.754902
6.04148e-008 0.758223
6.06148e-008 0.754902
6.08148e-008 0.754902
6.10148e-008 0.758223
6.12148e-008 0.761544
6.14148e-008 0.751581
6.16148e-008 0.758223
6.18148e-008 0.751581
6.20148e-008 0.758223
6.22148e-008 0.754902
6.24148e-008 0.751581
6.26148e-008 0.754902
6.28148e-008 0.754902
6.30148e-008 0.751581
6.32148e-008 0.751581
6.34148e-008 0.758223
6.36148e-008 0.758223
6.38148e-008 0.761544
6.40148e-008 0.758223
6.42148e-008 0.758223
6.44148e-008 0.761544
6.46148e-008 0.754902
6.48148e-008 0.758223
6.50148e-008 0.754902
6.52148e-008 0.758223
6.54148e-008 0.754902
6.56148e-008 0.758223
6.58148e-008 0.751581
6.60148e-008 0.758223
6.62148e-008 0.754902
6.64148e-008 0.758223
6.66148e-008 0.754902
6.68148e-008 0.758223
6.70148e-008 0.751581
6.72148e-008 0.758223
6.74148e-008 0.751581
6.76148e-008 0.761544
6.78148e-008 0.751581
6.80148e-008 0.761544
6.82148e-008 0.751581
6.84148e-008 0.754902
6.86148e-008 0.751581
6.88148e-008 0.754902
6.90148e-008 0.754902
6.92148e-008 0.758223
6.94148e-008 0.751581
6.96148e-008 0.758223
6.98148e-008 0.754902
7.00148e-008 0.754902
7.02148e-008 0.751581
7.04148e-008 0.751581
7.06148e-008 0.751581
7.08148e-008 0.758223
7.10148e-008 0.754902
7.12148e-008 0.754902
7.14148e-008 0.751581
7.16148e-008 0.751581
7.18148e-008 0.751581
7.20148e-008 0.754902
7.22148e-008 0.754902
7.24148e-008 0.758223
7.26148e-008 0.754902
7.28148e-008 0.758223
7.30148e-008 0.754902
7.32148e-008 0.758223
7.34148e-008 0.751581
7.36148e-008 0.758223
7.38148e-008 0.758223
7.40148e-008 0.754902
7.42148e-008 0.758223
7.44148e-008 0.761544
7.46148e-008 0.758223
7.48148e-008 0.758223
7.50148e-008 0.751581
7.52148e-008 0.754902
7.54148e-008 0.754902
7.56148e-008 0.754902
7.58148e-008 0.754902
7.60148e-008 0.758223
7.62148e-008 0.754902
7.64148e-008 0.758223
7.66148e-008 0.751581
7.68148e-008 0.758223
7.70148e-008 0.751581
7.72148e-008 0.758223
7.74148e-008 0.754902
7.76148e-008 0.758223
7.78148e-008 0.754902
7.80148e-008 0.758223
7.82148e-008 0.754902
7.84148e-008 0.754902
7.86148e-008 0.758223
7.88148e-008 0.758223
7.90148e-008 0.754902
7.92148e-008 0.751581
7.94148e-008 0.751581
7.96148e-008 0.758223
7.98148e-008 0.751581
8.00148e-008 0.754902
8.02148e-008 0.754902
8.04148e-008 0.754902
8.06148e-008 0.754902
8.08148e-008 0.758223
8.10148e-008 0.754902
8.12148e-008 0.751581
8.14148e-008 0.754902
8.16148e-008 0.751581
8.18148e-008 0.751581
8.20148e-008 0.754902
8.22148e-008 0.754902
8.24148e-008 0.754902
8.26148e-008 0.751581
8.28148e-008 0.758223
8.30148e-008 0.754902
8.32148e-008 0.761544
8.34148e-008 0.758223
8.36148e-008 0.758223
8.38148e-008 0.758223
8.40148e-008 0.758223
8.42148e-008 0.754902
8.44148e-008 0.761544
8.46148e-008 0.754902
8.48148e-008 0.758223
8.50148e-008 0.758223
8.52148e-008 0.758223
8.54148e-008 0.754902
8.56148e-008 0.754902
8.58148e-008 0.751581
8.60148e-008 0.751581
8.62148e-008 0.758223
8.64148e-008 0.758223
8.66148e-008 0.758223
8.68148e-008 0.754902
8.70148e-008 0.754902
8.72148e-008 0.758223
8.74148e-008 0.758223
8.76148e-008 0.758223
8.78148e-008 0.754902
8.80148e-008 0.758223
8.82148e-008 0.758223
8.84148e-008 0.761544
8.86148e-008 0.758223
8.88148e-008 0.761544
8.90148e-008 0.758223
8.92148e-008 0.764865
8.94148e-008 0.754902
8.96148e-008 0.758223
8.98148e-008 0.758223
9.00148e-008 0.761544
9.02148e-008 0.754902
9.04148e-008 0.754902
9.06148e-008 0.754902
9.08148e-008 0.761544
9.10148e-008 0.754902
9.12148e-008 0.758223
9.14148e-008 0.751581
9.16148e-008 0.761544
9.18148e-008 0.758223
9.20148e-008 0.761544
9.22148e-008 0.754902
9.24148e-008 0.761544
9.26148e-008 0.758223
9.28148e-008 0.758223
9.30148e-008 0.754902
9.32148e-008 0.754902
9.34148e-008 0.758223
9.36148e-008 0.758223
9.38148e-008 0.758223
9.40148e-008 0.758223
9.42148e-008 0.751581
9.44148e-008 0.758223
9.46148e-008 0.754902
9.48148e-008 0.758223
9.50148e-008 0.758223
9.52148e-008 0.758223
9.54148e-008 0.758223
9.56148e-008 0.758223
9.58148e-008 0.751581
9.60148e-008 0.754902
9.62148e-008 0.754902
9.64148e-008 0.761544
9.66148e-008 0.751581
9.68148e-008 0.758223
9.70148e-008 0.754902
9.72148e-008 0.758223
9.74148e-008 0.758223
9.76148e-008 0.761544
9.78148e-008 0.754902
9.80148e-008 0.761544
9.82148e-008 0.758223
9.84148e-008 0.758223
9.86148e-008 0.758223
9.88148e-008 0.754902
9.90148e-008 0.751581
9.92148e-008 0.758223
9.94148e-008 0.758223
9.96148e-008 0.758223
9.98148e-008 0.758223
1.00015e-007 0.761544
1.00215e-007 0.758223
1.00415e-007 0.758223
1.00615e-007 0.751581
1.00815e-007 0.758223
1.01015e-007 0.751581
1.01215e-007 0.754902
1.01415e-007 0.754902
1.01615e-007 0.761544
1.01815e-007 0.754902
1.02015e-007 0.754902
1.02215e-007 0.751581
1.02415e-007 0.751581
1.02615e-007 0.758223
1.02815e-007 0.758223
1.03015e-007 0.751581
1.03215e-007 0.754902
1.03415e-007 0.754902
1.03615e-007 0.751581
1.03815e-007 0.754902
1.04015e-007 0.751581
1.04215e-007 0.751581
1.04415e-007 0.754902
1.04615e-007 0.758223
1.04815e-007 0.758223
1.05015e-007 0.758223
1.05215e-007 0.758223
1.05415e-007 0.758223
1.05615e-007 0.761544
1.05815e-007 0.758223
1.06015e-007 0.754902
1.06215e-007 0.754902
1.06415e-007 0.758223
1.06615e-007 0.758223
1.06815e-007 0.761544
1.07015e-007 0.758223
1.07215e-007 0.758223
1.07415e-007 0.758223
1.07615e-007 0.758223
1.07815e-007 0.754902
1.08015e-007 0.758223
1.08215e-007 0.758223
1.08415e-007 0.758223
1.08615e-007 0.754902
1.08815e-007 0.758223
1.09015e-007 0.758223
1.09215e-007 0.758223
1.09415e-007 0.758223
1.09615e-007 0.758223
1.09815e-007 0.758223
1.10015e-007 0.758223
1.10215e-007 0.754902
1.10415e-007 0.758223
1.10615e-007 0.758223
1.10815e-007 0.758223
1.11015e-007 0.751581
1.11215e-007 0.761544
1.11415e-007 0.758223
1.11615e-007 0.761544
1.11815e-007 0.758223
1.12015e-007 0.758223
1.12215e-007 0.758223
1.12415e-007 0.758223
1.12615e-007 0.751581
1.12815e-007 0.758223
1.13015e-007 0.754902
1.13215e-007 0.761544
1.13415e-007 0.758223
1.13615e-007 0.758223
1.13815e-007 0.761544
1.14015e-007 0.761544
1.14215e-007 0.758223
1.14415e-007 0.758223
1.14615e-007 0.751581
1.14815e-007 0.758223
1.15015e-007 0.754902
1.15215e-007 0.758223
1.15415e-007 0.758223
1.15615e-007 0.754902
1.15815e-007 0.758223
1.16015e-007 0.754902
1.16215e-007 0.758223
1.16415e-007 0.758223
1.16615e-007 0.754902
1.16815e-007 0.758223
1.17015e-007 0.758223
1.17215e-007 0.758223
1.17415e-007 0.758223
1.17615e-007 0.761544
1.17815e-007 0.754902
1.18015e-007 0.761544
1.18215e-007 0.758223
1.18415e-007 0.758223
1.18615e-007 0.761544
1.18815e-007 0.761544
1.19015e-007 0.758223
1.19215e-007 0.764865
1.19415e-007 0.758223
1.19615e-007 0.761544
1.19815e-007 0.761544
1.20015e-007 0.761544
1.20215e-007 0.761544
1.20415e-007 0.758223
1.20615e-007 0.758223
1.20815e-007 0.758223
1.21015e-007 0.754902
1.21215e-007 0.758223
1.21415e-007 0.754902
1.21615e-007 0.758223
1.21815e-007 0.758223
1.22015e-007 0.761544
1.22215e-007 0.758223
1.22415e-007 0.758223
1.22615e-007 0.758223
1.22815e-007 0.758223
1.23015e-007 0.758223
1.23215e-007 0.758223
1.23415e-007 0.761544
1.23615e-007 0.758223
1.23815e-007 0.761544
1.24015e-007 0.761544
1.24215e-007 0.754902
1.24415e-007 0.764865
1.24615e-007 0.758223
1.24815e-007 0.758223
1.25015e-007 0.758223
1.25215e-007 0.761544
1.25415e-007 0.754902
1.25615e-007 0.758223
1.25815e-007 0.754902
1.26015e-007 0.758223
1.26215e-007 0.754902
1.26415e-007 0.758223
1.26615e-007 0.758223
1.26815e-007 0.758223
1.27015e-007 0.758223
1.27215e-007 0.758223
1.27415e-007 0.758223
1.27615e-007 0.761544
1.27815e-007 0.758223
1.28015e-007 0.758223
1.28215e-007 0.758223
1.28415e-007 0.764865
1.28615e-007 0.764865
1.28815e-007 0.764865
1.29015e-007 0.758223
1.29215e-007 0.761544
1.29415e-007 0.761544
1.29615e-007 0.761544
1.29815e-007 0.758223
1.30015e-007 0.764865
1.30215e-007 0.758223
1.30415e-007 0.754902
1.30615e-007 0.758223
1.30815e-007 0.758223
1.31015e-007 0.758223
1.31215e-007 0.758223
1.31415e-007 0.754902
1.31615e-007 0.758223
1.31815e-007 0.754902
1.32015e-007 0.758223
1.32215e-007 0.754902
1.32415e-007 0.764865
1.32615e-007 0.758223
1.32815e-007 0.761544
1.33015e-007 0.758223
1.33215e-007 0.758223
1.33415e-007 0.761544
1.33615e-007 0.761544
1.33815e-007 0.754902
1.34015e-007 0.758223
1.34215e-007 0.754902
1.34415e-007 0.758223
1.34615e-007 0.751581
1.34815e-007 0.761544
1.35015e-007 0.758223
1.35215e-007 0.761544
1.35415e-007 0.758223
1.35615e-007 0.758223
1.35815e-007 0.758223
1.36015e-007 0.764865
1.36215e-007 0.758223
1.36415e-007 0.758223
1.36615e-007 0.754902
1.36815e-007 0.758223
1.37015e-007 0.758223
1.37215e-007 0.761544
1.37415e-007 0.754902
1.37615e-007 0.758223
1.37815e-007 0.751581
1.38015e-007 0.758223
1.38215e-007 0.758223
1.38415e-007 0.761544
1.38615e-007 0.758223
1.38815e-007 0.761544
1.39015e-007 0.758223
1.39215e-007 0.758223
1.39415e-007 0.758223
1.39615e-007 0.758223
1.39815e-007 0.754902
1.40015e-007 0.758223
1.40215e-007 0.758223
1.40415e-007 0.758223
1.40615e-007 0.751581
1.40815e-007 0.758223
1.41015e-007 0.751581
1.41215e-007 0.758223
1.41415e-007 0.758223
1.41615e-007 0.761544
1.41815e-007 0.761544
1.42015e-007 0.761544
1.42215e-007 0.758223
1.42415e-007 0.758223
1.42615e-007 0.754902
1.42815e-007 0.761544
1.43015e-007 0.758223
1.43215e-007 0.758223
1.43415e-007 0.758223
1.43615e-007 0.761544
1.43815e-007 0.758223
1.44015e-007 0.758223
1.44215e-007 0.754902
1.44415e-007 0.758223
1.44615e-007 0.758223
1.44815e-007 0.758223
1.45015e-007 0.754902
1.45215e-007 0.754902
1.45415e-007 0.758223
1.45615e-007 0.758223
1.45815e-007 0.751581
1.46015e-007 0.758223
1.46215e-007 0.758223
1.46415e-007 0.758223
1.46615e-007 0.758223
1.46815e-007 0.758223
1.47015e-007 0.758223
1.47215e-007 0.758223
1.47415e-007 0.761544
1.47615e-007 0.764865
1.47815e-007 0.754902
1.48015e-007 0.761544
1.48215e-007 0.758223
1.48415e-007 0.754902
1.48615e-007 0.758223
1.48815e-007 0.758223
1.49015e-007 0.754902
1.49215e-007 0.758223
1.49415e-007 0.751581
1.49615e-007 0.758223
1.49815e-007 0.754902
1.50015e-007 0.758223
1.50215e-007 0.758223
1.50415e-007 0.761544
1.50615e-007 0.758223
1.50815e-007 0.761544
1.51015e-007 0.758223
1.51215e-007 0.764865
1.51415e-007 0.758223
1.51615e-007 0.758223
1.51815e-007 0.754902
1.52015e-007 0.761544
1.52215e-007 0.758223
1.52415e-007 0.758223
1.52615e-007 0.751581
1.52815e-007 0.754902
1.53015e-007 0.754902
1.53215e-007 0.761544
1.53415e-007 0.758223
1.53615e-007 0.758223
1.53815e-007 0.758223
1.54015e-007 0.761544
1.54215e-007 0.754902
1.54415e-007 0.758223
1.54615e-007 0.761544
1.54815e-007 0.764865
1.55015e-007 0.758223
1.55215e-007 0.764865
1.55415e-007 0.758223
1.55615e-007 0.758223
1.55815e-007 0.761544
1.56015e-007 0.754902
1.56215e-007 0.761544
1.56415e-007 0.758223
1.56615e-007 0.758223
1.56815e-007 0.754902
