LECROYWS44MXs-B 69584 Waveform
Segments 1 SegmentSize 1002
Segment TrigTime TimeSinceSegment1
#1 23-Jun-2015 19:58:01 0                 
Time Ampl
-5.16512e-008 1.6471
-5.14512e-008 1.64378
-5.12512e-008 1.6471
-5.10512e-008 1.64378
-5.08512e-008 1.65042
-5.06512e-008 1.6471
-5.04512e-008 1.6471
-5.02512e-008 1.6471
-5.00512e-008 1.6471
-4.98512e-008 1.6471
-4.96512e-008 1.65042
-4.94512e-008 1.6471
-4.92512e-008 1.65042
-4.90512e-008 1.6471
-4.88512e-008 1.6471
-4.86512e-008 1.6471
-4.84512e-008 1.64046
-4.82512e-008 1.64378
-4.80512e-008 1.64378
-4.78512e-008 1.64378
-4.76512e-008 1.6471
-4.74512e-008 1.6471
-4.72512e-008 1.64378
-4.70512e-008 1.6471
-4.68512e-008 1.6471
-4.66512e-008 1.64378
-4.64512e-008 1.6471
-4.62512e-008 1.6471
-4.60512e-008 1.6471
-4.58512e-008 1.6471
-4.56512e-008 1.6471
-4.54512e-008 1.65042
-4.52512e-008 1.65042
-4.50512e-008 1.65042
-4.48512e-008 1.65042
-4.46512e-008 1.6471
-4.44512e-008 1.65042
-4.42512e-008 1.6471
-4.40512e-008 1.6471
-4.38512e-008 1.65042
-4.36512e-008 1.6471
-4.34512e-008 1.64378
-4.32512e-008 1.6471
-4.30512e-008 1.6471
-4.28512e-008 1.65042
-4.26512e-008 1.6471
-4.24512e-008 1.6471
-4.22512e-008 1.64378
-4.20512e-008 1.6471
-4.18512e-008 1.6471
-4.16512e-008 1.6471
-4.14512e-008 1.6471
-4.12512e-008 1.65042
-4.10512e-008 1.65042
-4.08512e-008 1.6471
-4.06512e-008 1.6471
-4.04512e-008 1.65042
-4.02512e-008 1.65042
-4.00512e-008 1.6471
-3.98512e-008 1.6471
-3.96512e-008 1.65042
-3.94512e-008 1.65042
-3.92512e-008 1.6471
-3.90512e-008 1.65042
-3.88512e-008 1.65042
-3.86512e-008 1.6471
-3.84512e-008 1.65042
-3.82512e-008 1.65042
-3.80512e-008 1.6471
-3.78512e-008 1.6471
-3.76512e-008 1.6471
-3.74512e-008 1.6471
-3.72512e-008 1.6471
-3.70512e-008 1.64378
-3.68512e-008 1.65042
-3.66512e-008 1.65042
-3.64512e-008 1.65042
-3.62512e-008 1.65042
-3.60512e-008 1.65042
-3.58512e-008 1.6471
-3.56512e-008 1.65042
-3.54512e-008 1.65042
-3.52512e-008 1.6471
-3.50512e-008 1.6471
-3.48512e-008 1.65042
-3.46512e-008 1.6471
-3.44512e-008 1.6471
-3.42512e-008 1.64046
-3.40512e-008 1.6471
-3.38512e-008 1.64378
-3.36512e-008 1.65042
-3.34512e-008 1.6471
-3.32512e-008 1.65042
-3.30512e-008 1.65042
-3.28512e-008 1.65042
-3.26512e-008 1.65042
-3.24512e-008 1.64378
-3.22512e-008 1.64378
-3.20512e-008 1.6471
-3.18512e-008 1.64378
-3.16512e-008 1.6471
-3.14512e-008 1.64378
-3.12512e-008 1.6471
-3.10512e-008 1.6471
-3.08512e-008 1.65042
-3.06512e-008 1.6471
-3.04512e-008 1.65042
-3.02512e-008 1.6471
-3.00512e-008 1.65042
-2.98512e-008 1.65042
-2.96512e-008 1.65042
-2.94512e-008 1.65042
-2.92512e-008 1.65042
-2.90512e-008 1.6471
-2.88512e-008 1.65042
-2.86512e-008 1.65042
-2.84512e-008 1.6471
-2.82512e-008 1.65042
-2.80512e-008 1.65042
-2.78512e-008 1.6471
-2.76512e-008 1.6471
-2.74512e-008 1.6471
-2.72512e-008 1.6471
-2.70512e-008 1.65042
-2.68512e-008 1.6471
-2.66512e-008 1.65042
-2.64512e-008 1.65374
-2.62512e-008 1.65374
-2.60512e-008 1.65042
-2.58512e-008 1.6471
-2.56512e-008 1.65042
-2.54512e-008 1.65042
-2.52512e-008 1.6471
-2.50512e-008 1.64378
-2.48512e-008 1.6471
-2.46512e-008 1.64378
-2.44512e-008 1.65042
-2.42512e-008 1.6471
-2.40512e-008 1.65042
-2.38512e-008 1.65042
-2.36512e-008 1.6471
-2.34512e-008 1.65042
-2.32512e-008 1.64378
-2.30512e-008 1.64378
-2.28512e-008 1.6471
-2.26512e-008 1.6471
-2.24512e-008 1.6471
-2.22512e-008 1.6471
-2.20512e-008 1.6471
-2.18512e-008 1.65042
-2.16512e-008 1.6471
-2.14512e-008 1.65042
-2.12512e-008 1.6471
-2.10512e-008 1.65042
-2.08512e-008 1.65042
-2.06512e-008 1.6471
-2.04512e-008 1.6471
-2.02512e-008 1.6471
-2.00512e-008 1.6471
-1.98512e-008 1.6471
-1.96512e-008 1.65042
-1.94512e-008 1.64378
-1.92512e-008 1.6471
-1.90512e-008 1.6471
-1.88512e-008 1.65042
-1.86512e-008 1.65042
-1.84512e-008 1.6471
-1.82512e-008 1.64046
-1.80512e-008 1.64378
-1.78512e-008 1.64378
-1.76512e-008 1.6471
-1.74512e-008 1.64378
-1.72512e-008 1.6471
-1.70512e-008 1.65042
-1.68512e-008 1.6471
-1.66512e-008 1.65042
-1.64512e-008 1.65042
-1.62512e-008 1.64378
-1.60512e-008 1.65042
-1.58512e-008 1.6471
-1.56512e-008 1.65042
-1.54512e-008 1.6471
-1.52512e-008 1.65042
-1.50512e-008 1.6471
-1.48512e-008 1.6471
-1.46512e-008 1.65042
-1.44512e-008 1.65042
-1.42512e-008 1.6471
-1.40512e-008 1.65042
-1.38512e-008 1.6471
-1.36512e-008 1.6471
-1.34512e-008 1.64378
-1.32512e-008 1.6471
-1.30512e-008 1.6471
-1.28512e-008 1.65042
-1.26512e-008 1.6471
-1.24512e-008 1.6471
-1.22512e-008 1.65042
-1.20512e-008 1.6471
-1.18512e-008 1.64378
-1.16512e-008 1.65042
-1.14512e-008 1.6471
-1.12512e-008 1.6471
-1.10512e-008 1.64378
-1.08512e-008 1.64378
-1.06512e-008 1.64378
-1.04512e-008 1.64378
-1.02512e-008 1.6471
-1.00512e-008 1.6471
-9.85119e-009 1.64378
-9.65119e-009 1.64378
-9.45119e-009 1.6471
-9.25119e-009 1.65042
-9.05119e-009 1.65042
-8.85119e-009 1.65042
-8.65119e-009 1.65042
-8.45119e-009 1.6471
-8.25119e-009 1.6471
-8.05119e-009 1.6471
-7.85119e-009 1.64378
-7.65119e-009 1.65042
-7.45119e-009 1.6471
-7.25119e-009 1.6471
-7.05119e-009 1.64378
-6.85119e-009 1.6471
-6.65119e-009 1.65042
-6.45119e-009 1.65042
-6.25119e-009 1.65042
-6.05119e-009 1.65706
-5.85119e-009 1.65706
-5.65119e-009 1.65706
-5.45119e-009 1.65706
-5.25119e-009 1.65706
-5.05119e-009 1.66703
-4.85119e-009 1.66371
-4.65119e-009 1.66371
-4.45119e-009 1.67367
-4.25119e-009 1.67367
-4.05119e-009 1.67699
-3.85119e-009 1.68031
-3.65119e-009 1.68695
-3.45119e-009 1.69027
-3.25119e-009 1.6936
-3.05119e-009 1.70356
-2.85119e-009 1.7102
-2.65119e-009 1.72348
-2.45119e-009 1.7268
-2.25119e-009 1.73677
-2.05119e-009 1.74009
-1.85119e-009 1.74341
-1.65119e-009 1.75337
-1.45119e-009 1.76666
-1.25119e-009 1.76666
-1.05119e-009 1.7733
-8.5119e-010 1.78658
-6.5119e-010 1.79322
-4.5119e-010 1.79987
-2.5119e-010 1.80319
-5.11903e-011 1.81979
1.4881e-010 1.82643
3.4881e-010 1.8364
5.4881e-010 1.84304
7.4881e-010 1.853
9.4881e-010 1.85964
1.14881e-009 1.86628
1.34881e-009 1.87625
1.54881e-009 1.88289
1.74881e-009 1.88953
1.94881e-009 1.89617
2.14881e-009 1.90613
2.34881e-009 1.90946
2.54881e-009 1.92274
2.74881e-009 1.92274
2.94881e-009 1.9327
3.14881e-009 1.93602
3.34881e-009 1.94599
3.54881e-009 1.94931
3.74881e-009 1.95595
3.94881e-009 1.95927
4.14881e-009 1.96591
4.34881e-009 1.96923
4.54881e-009 1.9792
4.74881e-009 1.9792
4.94881e-009 1.97587
5.14881e-009 1.9792
5.34881e-009 1.9792
5.54881e-009 1.98252
5.74881e-009 1.98916
5.94881e-009 1.98584
6.14881e-009 1.98916
6.34881e-009 1.98916
6.54881e-009 1.99248
6.74881e-009 1.98916
6.94881e-009 1.98916
7.14881e-009 1.98916
7.34881e-009 1.9958
7.54881e-009 1.9958
7.74881e-009 1.99248
7.94881e-009 1.98916
8.14881e-009 1.9958
8.34881e-009 1.99248
8.54881e-009 1.98916
8.74881e-009 1.98916
8.94881e-009 1.98584
9.14881e-009 1.98252
9.34881e-009 1.9792
9.54881e-009 1.97587
9.74881e-009 1.97587
9.94881e-009 1.97255
1.01488e-008 1.96923
1.03488e-008 1.96591
1.05488e-008 1.95927
1.07488e-008 1.95595
1.09488e-008 1.95595
1.11488e-008 1.94931
1.13488e-008 1.94931
1.15488e-008 1.94267
1.17488e-008 1.94267
1.19488e-008 1.93602
1.21488e-008 1.93602
1.23488e-008 1.92938
1.25488e-008 1.92606
1.27488e-008 1.92274
1.29488e-008 1.9161
1.31488e-008 1.90946
1.33488e-008 1.90613
1.35488e-008 1.90281
1.37488e-008 1.89949
1.39488e-008 1.88621
1.41488e-008 1.88289
1.43488e-008 1.88289
1.45488e-008 1.88289
1.47488e-008 1.87625
1.49488e-008 1.87293
1.51488e-008 1.8696
1.53488e-008 1.86296
1.55488e-008 1.85964
1.57488e-008 1.85964
1.59488e-008 1.853
1.61488e-008 1.84304
1.63488e-008 1.84636
1.65488e-008 1.8364
1.67488e-008 1.82975
1.69488e-008 1.82643
1.71488e-008 1.82643
1.73488e-008 1.81647
1.75488e-008 1.81315
1.77488e-008 1.81315
1.79488e-008 1.80651
1.81488e-008 1.80319
1.83488e-008 1.79987
1.85488e-008 1.79654
1.87488e-008 1.79654
1.89488e-008 1.7899
1.91488e-008 1.78658
1.93488e-008 1.77994
1.95488e-008 1.77662
1.97488e-008 1.7733
1.99488e-008 1.76666
2.01488e-008 1.76666
2.03488e-008 1.76001
2.05488e-008 1.75669
2.07488e-008 1.75669
2.09488e-008 1.75005
2.11488e-008 1.74673
2.13488e-008 1.74673
2.15488e-008 1.74341
2.17488e-008 1.74341
2.19488e-008 1.73677
2.21488e-008 1.73013
2.23488e-008 1.7268
2.25488e-008 1.72348
2.27488e-008 1.72016
2.29488e-008 1.72016
2.31488e-008 1.71352
2.33488e-008 1.71352
2.35488e-008 1.71684
2.37488e-008 1.71352
2.39488e-008 1.7102
2.41488e-008 1.70688
2.43488e-008 1.70356
2.45488e-008 1.70024
2.47488e-008 1.70356
2.49488e-008 1.70356
2.51488e-008 1.70024
2.53488e-008 1.6936
2.55488e-008 1.69027
2.57488e-008 1.69027
2.59488e-008 1.68695
2.61488e-008 1.68695
2.63488e-008 1.68695
2.65488e-008 1.68031
2.67488e-008 1.68031
2.69488e-008 1.67699
2.71488e-008 1.67699
2.73488e-008 1.67699
2.75488e-008 1.67699
2.77488e-008 1.67035
2.79488e-008 1.67035
2.81488e-008 1.67035
2.83488e-008 1.66703
2.85488e-008 1.66371
2.87488e-008 1.66371
2.89488e-008 1.66371
2.91488e-008 1.66703
2.93488e-008 1.66371
2.95488e-008 1.66039
2.97488e-008 1.65706
2.99488e-008 1.66039
3.01488e-008 1.65706
3.03488e-008 1.65706
3.05488e-008 1.65706
3.07488e-008 1.65706
3.09488e-008 1.65042
3.11488e-008 1.65042
3.13488e-008 1.6471
3.15488e-008 1.6471
3.17488e-008 1.6471
3.19488e-008 1.6471
3.21488e-008 1.6471
3.23488e-008 1.6471
3.25488e-008 1.64046
3.27488e-008 1.64378
3.29488e-008 1.63714
3.31488e-008 1.64378
3.33488e-008 1.64046
3.35488e-008 1.64378
3.37488e-008 1.64378
3.39488e-008 1.6471
3.41488e-008 1.64046
3.43488e-008 1.64046
3.45488e-008 1.63382
3.47488e-008 1.63714
3.49488e-008 1.63382
3.51488e-008 1.6305
3.53488e-008 1.63714
3.55488e-008 1.63714
3.57488e-008 1.63382
3.59488e-008 1.63714
3.61488e-008 1.63382
3.63488e-008 1.64046
3.65488e-008 1.63714
3.67488e-008 1.63714
3.69488e-008 1.63714
3.71488e-008 1.63382
3.73488e-008 1.63382
3.75488e-008 1.63382
3.77488e-008 1.6305
3.79488e-008 1.63382
3.81488e-008 1.6305
3.83488e-008 1.63714
3.85488e-008 1.63382
3.87488e-008 1.6305
3.89488e-008 1.63382
3.91488e-008 1.6305
3.93488e-008 1.63382
3.95488e-008 1.63382
3.97488e-008 1.6305
3.99488e-008 1.6305
4.01488e-008 1.6305
4.03488e-008 1.63382
4.05488e-008 1.63382
4.07488e-008 1.6305
4.09488e-008 1.6305
4.11488e-008 1.6305
4.13488e-008 1.6305
4.15488e-008 1.6305
4.17488e-008 1.6305
4.19488e-008 1.6305
4.21488e-008 1.6305
4.23488e-008 1.63382
4.25488e-008 1.6305
4.27488e-008 1.6305
4.29488e-008 1.63382
4.31488e-008 1.6305
4.33488e-008 1.63382
4.35488e-008 1.63382
4.37488e-008 1.63382
4.39488e-008 1.6305
4.41488e-008 1.6305
4.43488e-008 1.6305
4.45488e-008 1.6305
4.47488e-008 1.6305
4.49488e-008 1.62718
4.51488e-008 1.6305
4.53488e-008 1.62718
4.55488e-008 1.63382
4.57488e-008 1.6305
4.59488e-008 1.63382
4.61488e-008 1.6305
4.63488e-008 1.6305
4.65488e-008 1.63382
4.67488e-008 1.63382
4.69488e-008 1.6305
4.71488e-008 1.6305
4.73488e-008 1.6305
4.75488e-008 1.6305
4.77488e-008 1.6305
4.79488e-008 1.62386
4.81488e-008 1.63382
4.83488e-008 1.6305
4.85488e-008 1.6305
4.87488e-008 1.6305
4.89488e-008 1.6305
4.91488e-008 1.62718
4.93488e-008 1.62718
4.95488e-008 1.62718
4.97488e-008 1.6305
4.99488e-008 1.62718
5.01488e-008 1.6305
5.03488e-008 1.62718
5.05488e-008 1.62386
5.07488e-008 1.6305
5.09488e-008 1.62718
5.11488e-008 1.6305
5.13488e-008 1.6305
5.15488e-008 1.6305
5.17488e-008 1.6305
5.19488e-008 1.6305
5.21488e-008 1.6305
5.23488e-008 1.6305
5.25488e-008 1.62718
5.27488e-008 1.62718
5.29488e-008 1.6305
5.31488e-008 1.62718
5.33488e-008 1.62718
5.35488e-008 1.6305
5.37488e-008 1.62718
5.39488e-008 1.6305
5.41488e-008 1.62718
5.43488e-008 1.62386
5.45488e-008 1.62718
5.47488e-008 1.62718
5.49488e-008 1.6305
5.51488e-008 1.62718
5.53488e-008 1.6305
5.55488e-008 1.6305
5.57488e-008 1.6305
5.59488e-008 1.63382
5.61488e-008 1.62718
5.63488e-008 1.63382
5.65488e-008 1.63382
5.67488e-008 1.63382
5.69488e-008 1.63382
5.71488e-008 1.63382
5.73488e-008 1.6305
5.75488e-008 1.6305
5.77488e-008 1.6305
5.79488e-008 1.63382
5.81488e-008 1.62718
5.83488e-008 1.6305
5.85488e-008 1.62718
5.87488e-008 1.62718
5.89488e-008 1.62718
5.91488e-008 1.6305
5.93488e-008 1.62718
5.95488e-008 1.6305
5.97488e-008 1.62718
5.99488e-008 1.63382
6.01488e-008 1.63382
6.03488e-008 1.6305
6.05488e-008 1.63382
6.07488e-008 1.63382
6.09488e-008 1.63382
6.11488e-008 1.63714
6.13488e-008 1.63714
6.15488e-008 1.63382
6.17488e-008 1.63382
6.19488e-008 1.63714
6.21488e-008 1.6305
6.23488e-008 1.63382
6.25488e-008 1.62718
6.27488e-008 1.62718
6.29488e-008 1.6305
6.31488e-008 1.6305
6.33488e-008 1.6305
6.35488e-008 1.63714
6.37488e-008 1.63382
6.39488e-008 1.6305
6.41488e-008 1.63382
6.43488e-008 1.63382
6.45488e-008 1.63382
6.47488e-008 1.63714
6.49488e-008 1.63382
6.51488e-008 1.63714
6.53488e-008 1.63382
6.55488e-008 1.63382
6.57488e-008 1.63714
6.59488e-008 1.63382
6.61488e-008 1.63382
6.63488e-008 1.63382
6.65488e-008 1.6305
6.67488e-008 1.63382
6.69488e-008 1.6305
6.71488e-008 1.64046
6.73488e-008 1.63382
6.75488e-008 1.63714
6.77488e-008 1.63382
6.79488e-008 1.6305
6.81488e-008 1.63382
6.83488e-008 1.63382
6.85488e-008 1.6305
6.87488e-008 1.6305
6.89488e-008 1.63714
6.91488e-008 1.64046
6.93488e-008 1.63714
6.95488e-008 1.63714
6.97488e-008 1.63382
6.99488e-008 1.64046
7.01488e-008 1.63714
7.03488e-008 1.64046
7.05488e-008 1.64046
7.07488e-008 1.64046
7.09488e-008 1.63714
7.11488e-008 1.63714
7.13488e-008 1.63382
7.15488e-008 1.63714
7.17488e-008 1.63382
7.19488e-008 1.63714
7.21488e-008 1.63382
7.23488e-008 1.64046
7.25488e-008 1.63382
7.27488e-008 1.64046
7.29488e-008 1.63714
7.31488e-008 1.63714
7.33488e-008 1.63714
7.35488e-008 1.63714
7.37488e-008 1.63382
7.39488e-008 1.63714
7.41488e-008 1.63714
7.43488e-008 1.63714
7.45488e-008 1.64046
7.47488e-008 1.64046
7.49488e-008 1.63714
7.51488e-008 1.64046
7.53488e-008 1.63714
7.55488e-008 1.64378
7.57488e-008 1.63714
7.59488e-008 1.64046
7.61488e-008 1.63714
7.63488e-008 1.64046
7.65488e-008 1.63714
7.67488e-008 1.64046
7.69488e-008 1.63714
7.71488e-008 1.63714
7.73488e-008 1.63714
7.75488e-008 1.63714
7.77488e-008 1.63714
7.79488e-008 1.64046
7.81488e-008 1.64046
7.83488e-008 1.64046
7.85488e-008 1.64046
7.87488e-008 1.64378
7.89488e-008 1.64046
7.91488e-008 1.63714
7.93488e-008 1.64046
7.95488e-008 1.64046
7.97488e-008 1.64046
7.99488e-008 1.64046
8.01488e-008 1.64378
8.03488e-008 1.64378
8.05488e-008 1.6471
8.07488e-008 1.64378
8.09488e-008 1.64378
8.11488e-008 1.64378
8.13488e-008 1.63714
8.15488e-008 1.64046
8.17488e-008 1.63714
8.19488e-008 1.63714
8.21488e-008 1.64046
8.23488e-008 1.63714
8.25488e-008 1.63714
8.27488e-008 1.63714
8.29488e-008 1.63714
8.31488e-008 1.64046
8.33488e-008 1.64046
8.35488e-008 1.64046
8.37488e-008 1.64046
8.39488e-008 1.63714
8.41488e-008 1.64046
8.43488e-008 1.64378
8.45488e-008 1.64046
8.47488e-008 1.63714
8.49488e-008 1.63382
8.51488e-008 1.64046
8.53488e-008 1.63714
8.55488e-008 1.63714
8.57488e-008 1.63714
8.59488e-008 1.63714
8.61488e-008 1.63382
8.63488e-008 1.63714
8.65488e-008 1.63382
8.67488e-008 1.64046
8.69488e-008 1.63382
8.71488e-008 1.63714
8.73488e-008 1.63714
8.75488e-008 1.64046
8.77488e-008 1.63382
8.79488e-008 1.63714
8.81488e-008 1.63714
8.83488e-008 1.63714
8.85488e-008 1.63714
8.87488e-008 1.6305
8.89488e-008 1.63382
8.91488e-008 1.63382
8.93488e-008 1.63382
8.95488e-008 1.63382
8.97488e-008 1.63382
8.99488e-008 1.63382
9.01488e-008 1.6305
9.03488e-008 1.64046
9.05488e-008 1.63382
9.07488e-008 1.6305
9.09488e-008 1.63714
9.11488e-008 1.63382
9.13488e-008 1.63714
9.15488e-008 1.63714
9.17488e-008 1.63382
9.19488e-008 1.6305
9.21488e-008 1.6305
9.23488e-008 1.6305
9.25488e-008 1.62718
9.27488e-008 1.6305
9.29488e-008 1.6305
9.31488e-008 1.6305
9.33488e-008 1.62718
9.35488e-008 1.6305
9.37488e-008 1.6305
9.39488e-008 1.63382
9.41488e-008 1.6305
9.43488e-008 1.6305
9.45488e-008 1.6305
9.47488e-008 1.63714
9.49488e-008 1.63382
9.51488e-008 1.63382
9.53488e-008 1.63382
9.55488e-008 1.63382
9.57488e-008 1.6305
9.59488e-008 1.6305
9.61488e-008 1.63382
9.63488e-008 1.6305
9.65488e-008 1.6305
9.67488e-008 1.63714
9.69488e-008 1.63382
9.71488e-008 1.63382
9.73488e-008 1.6305
9.75488e-008 1.63382
9.77488e-008 1.6305
9.79488e-008 1.6305
9.81488e-008 1.63382
9.83488e-008 1.6305
9.85488e-008 1.62718
9.87488e-008 1.6305
9.89488e-008 1.63382
9.91488e-008 1.63382
9.93488e-008 1.63382
9.95488e-008 1.63714
9.97488e-008 1.63714
9.99488e-008 1.64046
1.00149e-007 1.63714
1.00349e-007 1.63382
1.00549e-007 1.63714
1.00749e-007 1.6305
1.00949e-007 1.63382
1.01149e-007 1.6305
1.01349e-007 1.6305
1.01549e-007 1.63382
1.01749e-007 1.6305
1.01949e-007 1.63382
1.02149e-007 1.6305
1.02349e-007 1.6305
1.02549e-007 1.6305
1.02749e-007 1.63382
1.02949e-007 1.63714
1.03149e-007 1.63714
1.03349e-007 1.63714
1.03549e-007 1.63714
1.03749e-007 1.63714
1.03949e-007 1.63714
1.04149e-007 1.63382
1.04349e-007 1.63382
1.04549e-007 1.63382
1.04749e-007 1.63382
1.04949e-007 1.63382
1.05149e-007 1.63714
1.05349e-007 1.63714
1.05549e-007 1.63382
1.05749e-007 1.63714
1.05949e-007 1.63382
1.06149e-007 1.63382
1.06349e-007 1.63382
1.06549e-007 1.63382
1.06749e-007 1.63714
1.06949e-007 1.63714
1.07149e-007 1.63382
1.07349e-007 1.63714
1.07549e-007 1.63714
1.07749e-007 1.63714
1.07949e-007 1.6305
1.08149e-007 1.63382
1.08349e-007 1.63714
1.08549e-007 1.63714
1.08749e-007 1.63714
1.08949e-007 1.63714
1.09149e-007 1.63382
1.09349e-007 1.63714
1.09549e-007 1.64046
1.09749e-007 1.63714
1.09949e-007 1.63714
1.10149e-007 1.63382
1.10349e-007 1.63382
1.10549e-007 1.63382
1.10749e-007 1.63714
1.10949e-007 1.63382
1.11149e-007 1.63714
1.11349e-007 1.63382
1.11549e-007 1.63714
1.11749e-007 1.63714
1.11949e-007 1.64046
1.12149e-007 1.64046
1.12349e-007 1.64046
1.12549e-007 1.63714
1.12749e-007 1.64046
1.12949e-007 1.63382
1.13149e-007 1.63714
1.13349e-007 1.63714
1.13549e-007 1.64046
1.13749e-007 1.63714
1.13949e-007 1.63714
1.14149e-007 1.64046
1.14349e-007 1.63382
1.14549e-007 1.6305
1.14749e-007 1.64046
1.14949e-007 1.63382
1.15149e-007 1.63714
1.15349e-007 1.63714
1.15549e-007 1.64046
1.15749e-007 1.63714
1.15949e-007 1.64046
1.16149e-007 1.63382
1.16349e-007 1.64046
1.16549e-007 1.63382
1.16749e-007 1.64046
1.16949e-007 1.63714
1.17149e-007 1.63714
1.17349e-007 1.63714
1.17549e-007 1.64046
1.17749e-007 1.63714
1.17949e-007 1.64046
1.18149e-007 1.63714
1.18349e-007 1.64046
1.18549e-007 1.63714
1.18749e-007 1.64046
1.18949e-007 1.64046
1.19149e-007 1.64046
1.19349e-007 1.64046
1.19549e-007 1.63714
1.19749e-007 1.64046
1.19949e-007 1.64046
1.20149e-007 1.64046
1.20349e-007 1.63714
1.20549e-007 1.64046
1.20749e-007 1.63714
1.20949e-007 1.63382
1.21149e-007 1.64046
1.21349e-007 1.63714
1.21549e-007 1.63714
1.21749e-007 1.63714
1.21949e-007 1.63714
1.22149e-007 1.63714
1.22349e-007 1.64378
1.22549e-007 1.64046
1.22749e-007 1.64046
1.22949e-007 1.64046
1.23149e-007 1.64378
1.23349e-007 1.64378
1.23549e-007 1.64378
1.23749e-007 1.64046
1.23949e-007 1.64378
1.24149e-007 1.64046
1.24349e-007 1.64046
1.24549e-007 1.63714
1.24749e-007 1.64046
1.24949e-007 1.63714
1.25149e-007 1.64046
1.25349e-007 1.63382
1.25549e-007 1.63714
1.25749e-007 1.63714
1.25949e-007 1.63382
1.26149e-007 1.63714
1.26349e-007 1.64046
1.26549e-007 1.64046
1.26749e-007 1.63714
1.26949e-007 1.64046
1.27149e-007 1.64046
1.27349e-007 1.63714
1.27549e-007 1.64046
1.27749e-007 1.64046
1.27949e-007 1.64046
1.28149e-007 1.64046
1.28349e-007 1.64378
1.28549e-007 1.63714
1.28749e-007 1.63714
1.28949e-007 1.63714
1.29149e-007 1.63714
1.29349e-007 1.63714
1.29549e-007 1.64046
1.29749e-007 1.64046
1.29949e-007 1.63714
1.30149e-007 1.63714
1.30349e-007 1.64046
1.30549e-007 1.63714
1.30749e-007 1.64046
1.30949e-007 1.63714
1.31149e-007 1.63714
1.31349e-007 1.63714
1.31549e-007 1.63382
1.31749e-007 1.63382
1.31949e-007 1.63714
1.32149e-007 1.64046
1.32349e-007 1.63382
1.32549e-007 1.63714
1.32749e-007 1.64046
1.32949e-007 1.63714
1.33149e-007 1.64046
1.33349e-007 1.64378
1.33549e-007 1.64046
1.33749e-007 1.63714
1.33949e-007 1.63714
1.34149e-007 1.63714
1.34349e-007 1.63714
1.34549e-007 1.63714
1.34749e-007 1.63382
1.34949e-007 1.63382
1.35149e-007 1.64046
1.35349e-007 1.63714
1.35549e-007 1.64046
1.35749e-007 1.63714
1.35949e-007 1.63714
1.36149e-007 1.63714
1.36349e-007 1.63382
1.36549e-007 1.63382
1.36749e-007 1.63714
1.36949e-007 1.63714
1.37149e-007 1.63714
1.37349e-007 1.63714
1.37549e-007 1.63714
1.37749e-007 1.63714
1.37949e-007 1.64378
1.38149e-007 1.63714
1.38349e-007 1.63714
1.38549e-007 1.63714
1.38749e-007 1.64046
1.38949e-007 1.63714
1.39149e-007 1.64046
1.39349e-007 1.64046
1.39549e-007 1.64378
1.39749e-007 1.64046
1.39949e-007 1.64378
1.40149e-007 1.64046
1.40349e-007 1.64046
1.40549e-007 1.63714
1.40749e-007 1.64046
1.40949e-007 1.63714
1.41149e-007 1.64046
1.41349e-007 1.63714
1.41549e-007 1.63714
1.41749e-007 1.63382
1.41949e-007 1.63382
1.42149e-007 1.63382
1.42349e-007 1.63382
1.42549e-007 1.63382
1.42749e-007 1.63714
1.42949e-007 1.63714
1.43149e-007 1.63714
1.43349e-007 1.63714
1.43549e-007 1.64378
1.43749e-007 1.64378
1.43949e-007 1.6471
1.44149e-007 1.64046
1.44349e-007 1.64378
1.44549e-007 1.64046
1.44749e-007 1.63714
1.44949e-007 1.64046
1.45149e-007 1.63714
1.45349e-007 1.63714
1.45549e-007 1.64378
1.45749e-007 1.63714
1.45949e-007 1.64046
1.46149e-007 1.64046
1.46349e-007 1.64046
1.46549e-007 1.64046
1.46749e-007 1.64378
1.46949e-007 1.64046
1.47149e-007 1.64046
1.47349e-007 1.63714
1.47549e-007 1.6471
1.47749e-007 1.63714
1.47949e-007 1.64046
1.48149e-007 1.64046
1.48349e-007 1.64046
1.48549e-007 1.64046
