LECROYWS44MXs-B 69584 Waveform
Segments 1 SegmentSize 1002
Segment TrigTime TimeSinceSegment1
#1 23-Jun-2015 20:21:35 0                 
Time Ampl
-5.16004e-008 1.65042
-5.14004e-008 1.6471
-5.12004e-008 1.64378
-5.10004e-008 1.6471
-5.08004e-008 1.65042
-5.06004e-008 1.6471
-5.04004e-008 1.6471
-5.02004e-008 1.6471
-5.00004e-008 1.6471
-4.98004e-008 1.6471
-4.96004e-008 1.6471
-4.94004e-008 1.6471
-4.92004e-008 1.6471
-4.90004e-008 1.6471
-4.88004e-008 1.65042
-4.86004e-008 1.65042
-4.84004e-008 1.6471
-4.82004e-008 1.64378
-4.80004e-008 1.6471
-4.78004e-008 1.6471
-4.76004e-008 1.6471
-4.74004e-008 1.65042
-4.72004e-008 1.64378
-4.70004e-008 1.64378
-4.68004e-008 1.6471
-4.66004e-008 1.6471
-4.64004e-008 1.64378
-4.62004e-008 1.6471
-4.60004e-008 1.6471
-4.58004e-008 1.65042
-4.56004e-008 1.6471
-4.54004e-008 1.65042
-4.52004e-008 1.64378
-4.50004e-008 1.6471
-4.48004e-008 1.6471
-4.46004e-008 1.6471
-4.44004e-008 1.64378
-4.42004e-008 1.6471
-4.40004e-008 1.64378
-4.38004e-008 1.64378
-4.36004e-008 1.64378
-4.34004e-008 1.64378
-4.32004e-008 1.6471
-4.30004e-008 1.65042
-4.28004e-008 1.6471
-4.26004e-008 1.65042
-4.24004e-008 1.65042
-4.22004e-008 1.65042
-4.20004e-008 1.65042
-4.18004e-008 1.6471
-4.16004e-008 1.64378
-4.14004e-008 1.6471
-4.12004e-008 1.64378
-4.10004e-008 1.6471
-4.08004e-008 1.64378
-4.06004e-008 1.6471
-4.04004e-008 1.6471
-4.02004e-008 1.64378
-4.00004e-008 1.65042
-3.98004e-008 1.6471
-3.96004e-008 1.64378
-3.94004e-008 1.65042
-3.92004e-008 1.6471
-3.90004e-008 1.6471
-3.88004e-008 1.64378
-3.86004e-008 1.65374
-3.84004e-008 1.65042
-3.82004e-008 1.65374
-3.80004e-008 1.65042
-3.78004e-008 1.65042
-3.76004e-008 1.6471
-3.74004e-008 1.65374
-3.72004e-008 1.65042
-3.70004e-008 1.6471
-3.68004e-008 1.6471
-3.66004e-008 1.6471
-3.64004e-008 1.64378
-3.62004e-008 1.6471
-3.60004e-008 1.64378
-3.58004e-008 1.6471
-3.56004e-008 1.6471
-3.54004e-008 1.6471
-3.52004e-008 1.64378
-3.50004e-008 1.6471
-3.48004e-008 1.6471
-3.46004e-008 1.6471
-3.44004e-008 1.65042
-3.42004e-008 1.65042
-3.40004e-008 1.64378
-3.38004e-008 1.65042
-3.36004e-008 1.6471
-3.34004e-008 1.65042
-3.32004e-008 1.6471
-3.30004e-008 1.65042
-3.28004e-008 1.6471
-3.26004e-008 1.6471
-3.24004e-008 1.64378
-3.22004e-008 1.65042
-3.20004e-008 1.6471
-3.18004e-008 1.65374
-3.16004e-008 1.6471
-3.14004e-008 1.65042
-3.12004e-008 1.65042
-3.10004e-008 1.6471
-3.08004e-008 1.64378
-3.06004e-008 1.6471
-3.04004e-008 1.64378
-3.02004e-008 1.6471
-3.00004e-008 1.6471
-2.98004e-008 1.6471
-2.96004e-008 1.6471
-2.94004e-008 1.6471
-2.92004e-008 1.65042
-2.90004e-008 1.65042
-2.88004e-008 1.65042
-2.86004e-008 1.65374
-2.84004e-008 1.65042
-2.82004e-008 1.65042
-2.80004e-008 1.65042
-2.78004e-008 1.65042
-2.76004e-008 1.6471
-2.74004e-008 1.6471
-2.72004e-008 1.65042
-2.70004e-008 1.65042
-2.68004e-008 1.65042
-2.66004e-008 1.65042
-2.64004e-008 1.64378
-2.62004e-008 1.65042
-2.60004e-008 1.64378
-2.58004e-008 1.6471
-2.56004e-008 1.64046
-2.54004e-008 1.6471
-2.52004e-008 1.64378
-2.50004e-008 1.6471
-2.48004e-008 1.6471
-2.46004e-008 1.65042
-2.44004e-008 1.6471
-2.42004e-008 1.65374
-2.40004e-008 1.65042
-2.38004e-008 1.65374
-2.36004e-008 1.65042
-2.34004e-008 1.65374
-2.32004e-008 1.65042
-2.30004e-008 1.6471
-2.28004e-008 1.64378
-2.26004e-008 1.6471
-2.24004e-008 1.64378
-2.22004e-008 1.6471
-2.20004e-008 1.64378
-2.18004e-008 1.6471
-2.16004e-008 1.6471
-2.14004e-008 1.65042
-2.12004e-008 1.6471
-2.10004e-008 1.65042
-2.08004e-008 1.64378
-2.06004e-008 1.65042
-2.04004e-008 1.65042
-2.02004e-008 1.65374
-2.00004e-008 1.65042
-1.98004e-008 1.65042
-1.96004e-008 1.65042
-1.94004e-008 1.65374
-1.92004e-008 1.65374
-1.90004e-008 1.6471
-1.88004e-008 1.6471
-1.86004e-008 1.65042
-1.84004e-008 1.6471
-1.82004e-008 1.65042
-1.80004e-008 1.6471
-1.78004e-008 1.65042
-1.76004e-008 1.64378
-1.74004e-008 1.65042
-1.72004e-008 1.64378
-1.70004e-008 1.65042
-1.68004e-008 1.6471
-1.66004e-008 1.65042
-1.64004e-008 1.6471
-1.62004e-008 1.65042
-1.60004e-008 1.64378
-1.58004e-008 1.65374
-1.56004e-008 1.6471
-1.54004e-008 1.65042
-1.52004e-008 1.65042
-1.50004e-008 1.65042
-1.48004e-008 1.6471
-1.46004e-008 1.65042
-1.44004e-008 1.6471
-1.42004e-008 1.65042
-1.40004e-008 1.6471
-1.38004e-008 1.6471
-1.36004e-008 1.64378
-1.34004e-008 1.6471
-1.32004e-008 1.6471
-1.30004e-008 1.6471
-1.28004e-008 1.65042
-1.26004e-008 1.6471
-1.24004e-008 1.6471
-1.22004e-008 1.65042
-1.20004e-008 1.6471
-1.18004e-008 1.6471
-1.16004e-008 1.65042
-1.14004e-008 1.6471
-1.12004e-008 1.6471
-1.10004e-008 1.6471
-1.08004e-008 1.6471
-1.06004e-008 1.6471
-1.04004e-008 1.6471
-1.02004e-008 1.65042
-1.00004e-008 1.6471
-9.80043e-009 1.65042
-9.60043e-009 1.65042
-9.40043e-009 1.65042
-9.20043e-009 1.6471
-9.00043e-009 1.65374
-8.80043e-009 1.6471
-8.60043e-009 1.65042
-8.40043e-009 1.65042
-8.20043e-009 1.6471
-8.00043e-009 1.6471
-7.80043e-009 1.65042
-7.60043e-009 1.65042
-7.40043e-009 1.65042
-7.20043e-009 1.65042
-7.00043e-009 1.65042
-6.80043e-009 1.65374
-6.60043e-009 1.65042
-6.40043e-009 1.65374
-6.20043e-009 1.65374
-6.00043e-009 1.65706
-5.80043e-009 1.65706
-5.60043e-009 1.65706
-5.40043e-009 1.66703
-5.20043e-009 1.66371
-5.00043e-009 1.67035
-4.80043e-009 1.67367
-4.60043e-009 1.67367
-4.40043e-009 1.67367
-4.20043e-009 1.68363
-4.00043e-009 1.68695
-3.80043e-009 1.69027
-3.60043e-009 1.69027
-3.40043e-009 1.6936
-3.20043e-009 1.70024
-3.00043e-009 1.71352
-2.80043e-009 1.71684
-2.60043e-009 1.72348
-2.40043e-009 1.7268
-2.20043e-009 1.73677
-2.00043e-009 1.74341
-1.80043e-009 1.75005
-1.60043e-009 1.75669
-1.40043e-009 1.76666
-1.20043e-009 1.7733
-1.00043e-009 1.78658
-8.00431e-010 1.79322
-6.00431e-010 1.79987
-4.00431e-010 1.80651
-2.00431e-010 1.81315
-4.3111e-013 1.81979
1.99569e-010 1.82975
3.99569e-010 1.8364
5.99569e-010 1.84968
7.99569e-010 1.853
9.99569e-010 1.85964
1.19957e-009 1.86296
1.39957e-009 1.87625
1.59957e-009 1.88289
1.79957e-009 1.88953
1.99957e-009 1.89949
2.19957e-009 1.90946
2.39957e-009 1.9161
2.59957e-009 1.91942
2.79957e-009 1.92938
2.99957e-009 1.93602
3.19957e-009 1.94599
3.39957e-009 1.94599
3.59957e-009 1.95595
3.79957e-009 1.96259
3.99957e-009 1.96923
4.19957e-009 1.96591
4.39957e-009 1.96591
4.59957e-009 1.97587
4.79957e-009 1.9792
4.99957e-009 1.97587
5.19957e-009 1.98252
5.39957e-009 1.98252
5.59957e-009 1.98584
5.79957e-009 1.98252
5.99957e-009 1.98584
6.19957e-009 1.98916
6.39957e-009 1.99248
6.59957e-009 1.99248
6.79957e-009 1.99912
6.99957e-009 1.99912
7.19957e-009 1.9958
7.39957e-009 1.99912
7.59957e-009 1.9958
7.79957e-009 1.99912
7.99957e-009 1.98916
8.19957e-009 1.99248
8.39957e-009 1.99248
8.59957e-009 1.99248
8.79957e-009 1.98916
8.99957e-009 1.98916
9.19957e-009 1.98252
9.39957e-009 1.9792
9.59957e-009 1.98252
9.79957e-009 1.97587
9.99957e-009 1.97255
1.01996e-008 1.96923
1.03996e-008 1.96923
1.05996e-008 1.96591
1.07996e-008 1.96259
1.09996e-008 1.95595
1.11996e-008 1.95595
1.13996e-008 1.95595
1.15996e-008 1.95263
1.17996e-008 1.94599
1.19996e-008 1.94267
1.21996e-008 1.9327
1.23996e-008 1.93602
1.25996e-008 1.92938
1.27996e-008 1.92606
1.29996e-008 1.92274
1.31996e-008 1.9161
1.33996e-008 1.9161
1.35996e-008 1.91278
1.37996e-008 1.90946
1.39996e-008 1.90281
1.41996e-008 1.89949
1.43996e-008 1.88621
1.45996e-008 1.88621
1.47996e-008 1.88289
1.49996e-008 1.88289
1.51996e-008 1.87625
1.53996e-008 1.8696
1.55996e-008 1.86628
1.57996e-008 1.85964
1.59996e-008 1.85632
1.61996e-008 1.85632
1.63996e-008 1.84636
1.65996e-008 1.84636
1.67996e-008 1.83972
1.69996e-008 1.83307
1.71996e-008 1.83307
1.73996e-008 1.82975
1.75996e-008 1.82975
1.77996e-008 1.81979
1.79996e-008 1.81647
1.81996e-008 1.81315
1.83996e-008 1.80983
1.85996e-008 1.80319
1.87996e-008 1.79654
1.89996e-008 1.79654
1.91996e-008 1.79322
1.93996e-008 1.78658
1.95996e-008 1.78326
1.97996e-008 1.78326
1.99996e-008 1.77662
2.01996e-008 1.7733
2.03996e-008 1.7733
2.05996e-008 1.76666
2.07996e-008 1.76333
2.09996e-008 1.75669
2.11996e-008 1.75005
2.13996e-008 1.75337
2.15996e-008 1.74673
2.17996e-008 1.74341
2.19996e-008 1.74341
2.21996e-008 1.74341
2.23996e-008 1.74009
2.25996e-008 1.73677
2.27996e-008 1.73013
2.29996e-008 1.73013
2.31996e-008 1.7268
2.33996e-008 1.72348
2.35996e-008 1.71684
2.37996e-008 1.72016
2.39996e-008 1.71352
2.41996e-008 1.71352
2.43996e-008 1.7102
2.45996e-008 1.70688
2.47996e-008 1.70356
2.49996e-008 1.70024
2.51996e-008 1.69692
2.53996e-008 1.6936
2.55996e-008 1.6936
2.57996e-008 1.6936
2.59996e-008 1.6936
2.61996e-008 1.69027
2.63996e-008 1.68695
2.65996e-008 1.68695
2.67996e-008 1.68363
2.69996e-008 1.68031
2.71996e-008 1.67699
2.73996e-008 1.67699
2.75996e-008 1.67367
2.77996e-008 1.67367
2.79996e-008 1.67699
2.81996e-008 1.67035
2.83996e-008 1.67035
2.85996e-008 1.67035
2.87996e-008 1.67035
2.89996e-008 1.66703
2.91996e-008 1.66371
2.93996e-008 1.66039
2.95996e-008 1.66039
2.97996e-008 1.65706
2.99996e-008 1.65706
3.01996e-008 1.66039
3.03996e-008 1.65706
3.05996e-008 1.65706
3.07996e-008 1.65706
3.09996e-008 1.65706
3.11996e-008 1.65706
3.13996e-008 1.65706
3.15996e-008 1.65042
3.17996e-008 1.65374
3.19996e-008 1.65042
3.21996e-008 1.65042
3.23996e-008 1.64378
3.25996e-008 1.6471
3.27996e-008 1.6471
3.29996e-008 1.6471
3.31996e-008 1.63714
3.33996e-008 1.64378
3.35996e-008 1.64378
3.37996e-008 1.64378
3.39996e-008 1.64378
3.41996e-008 1.64378
3.43996e-008 1.64378
3.45996e-008 1.64046
3.47996e-008 1.63714
3.49996e-008 1.63714
3.51996e-008 1.63714
3.53996e-008 1.64046
3.55996e-008 1.64046
3.57996e-008 1.64046
3.59996e-008 1.63382
3.61996e-008 1.63714
3.63996e-008 1.63714
3.65996e-008 1.63382
3.67996e-008 1.63382
3.69996e-008 1.63714
3.71996e-008 1.63382
3.73996e-008 1.63382
3.75996e-008 1.63382
3.77996e-008 1.6305
3.79996e-008 1.6305
3.81996e-008 1.63714
3.83996e-008 1.6305
3.85996e-008 1.6305
3.87996e-008 1.6305
3.89996e-008 1.6305
3.91996e-008 1.63382
3.93996e-008 1.63382
3.95996e-008 1.6305
3.97996e-008 1.6305
3.99996e-008 1.6305
4.01996e-008 1.6305
4.03996e-008 1.6305
4.05996e-008 1.63382
4.07996e-008 1.6305
4.09996e-008 1.6305
4.11996e-008 1.63382
4.13996e-008 1.6305
4.15996e-008 1.6305
4.17996e-008 1.6305
4.19996e-008 1.63382
4.21996e-008 1.6305
4.23996e-008 1.62718
4.25996e-008 1.6305
4.27996e-008 1.6305
4.29996e-008 1.6305
4.31996e-008 1.62718
4.33996e-008 1.62386
4.35996e-008 1.62386
4.37996e-008 1.62718
4.39996e-008 1.62386
4.41996e-008 1.6305
4.43996e-008 1.6305
4.45996e-008 1.62386
4.47996e-008 1.6305
4.49996e-008 1.6305
4.51996e-008 1.6305
4.53996e-008 1.6305
4.55996e-008 1.6305
4.57996e-008 1.63382
4.59996e-008 1.6305
4.61996e-008 1.6305
4.63996e-008 1.6305
4.65996e-008 1.63382
4.67996e-008 1.62718
4.69996e-008 1.6305
4.71996e-008 1.6305
4.73996e-008 1.62718
4.75996e-008 1.62718
4.77996e-008 1.63382
4.79996e-008 1.62718
4.81996e-008 1.6305
4.83996e-008 1.62718
4.85996e-008 1.62718
4.87996e-008 1.6305
4.89996e-008 1.6305
4.91996e-008 1.62718
4.93996e-008 1.63382
4.95996e-008 1.62386
4.97996e-008 1.62718
4.99996e-008 1.62718
5.01996e-008 1.62718
5.03996e-008 1.62718
5.05996e-008 1.63382
5.07996e-008 1.62718
5.09996e-008 1.6305
5.11996e-008 1.6305
5.13996e-008 1.63382
5.15996e-008 1.6305
5.17996e-008 1.63382
5.19996e-008 1.6305
5.21996e-008 1.6305
5.23996e-008 1.6305
5.25996e-008 1.6305
5.27996e-008 1.6305
5.29996e-008 1.63382
5.31996e-008 1.6305
5.33996e-008 1.6305
5.35996e-008 1.6305
5.37996e-008 1.63382
5.39996e-008 1.6305
5.41996e-008 1.6305
5.43996e-008 1.62718
5.45996e-008 1.63382
5.47996e-008 1.6305
5.49996e-008 1.63382
5.51996e-008 1.6305
5.53996e-008 1.63382
5.55996e-008 1.63382
5.57996e-008 1.6305
5.59996e-008 1.63382
5.61996e-008 1.6305
5.63996e-008 1.63382
5.65996e-008 1.6305
5.67996e-008 1.6305
5.69996e-008 1.6305
5.71996e-008 1.6305
5.73996e-008 1.6305
5.75996e-008 1.6305
5.77996e-008 1.6305
5.79996e-008 1.6305
5.81996e-008 1.6305
5.83996e-008 1.6305
5.85996e-008 1.6305
5.87996e-008 1.62718
5.89996e-008 1.6305
5.91996e-008 1.63382
5.93996e-008 1.6305
5.95996e-008 1.6305
5.97996e-008 1.6305
5.99996e-008 1.63382
6.01996e-008 1.6305
6.03996e-008 1.63714
6.05996e-008 1.6305
6.07996e-008 1.6305
6.09996e-008 1.6305
6.11996e-008 1.6305
6.13996e-008 1.6305
6.15996e-008 1.63382
6.17996e-008 1.63382
6.19996e-008 1.6305
6.21996e-008 1.63382
6.23996e-008 1.63382
6.25996e-008 1.63382
6.27996e-008 1.63382
6.29996e-008 1.63382
6.31996e-008 1.63382
6.33996e-008 1.63382
6.35996e-008 1.6305
6.37996e-008 1.6305
6.39996e-008 1.63382
6.41996e-008 1.6305
6.43996e-008 1.6305
6.45996e-008 1.6305
6.47996e-008 1.6305
6.49996e-008 1.62718
6.51996e-008 1.6305
6.53996e-008 1.63382
6.55996e-008 1.6305
6.57996e-008 1.63382
6.59996e-008 1.63382
6.61996e-008 1.6305
6.63996e-008 1.63382
6.65996e-008 1.63382
6.67996e-008 1.63382
6.69996e-008 1.63714
6.71996e-008 1.63382
6.73996e-008 1.63382
6.75996e-008 1.64046
6.77996e-008 1.63382
6.79996e-008 1.63382
6.81996e-008 1.63382
6.83996e-008 1.6305
6.85996e-008 1.63382
6.87996e-008 1.63382
6.89996e-008 1.6305
6.91996e-008 1.63382
6.93996e-008 1.63382
6.95996e-008 1.6305
6.97996e-008 1.63382
6.99996e-008 1.6305
7.01996e-008 1.63714
7.03996e-008 1.63382
7.05996e-008 1.63714
7.07996e-008 1.6305
7.09996e-008 1.6305
7.11996e-008 1.6305
7.13996e-008 1.63382
7.15996e-008 1.63382
7.17996e-008 1.63382
7.19996e-008 1.63382
7.21996e-008 1.63714
7.23996e-008 1.6305
7.25996e-008 1.64046
7.27996e-008 1.63714
7.29996e-008 1.64046
7.31996e-008 1.63714
7.33996e-008 1.63714
7.35996e-008 1.64046
7.37996e-008 1.63714
7.39996e-008 1.63714
7.41996e-008 1.63714
7.43996e-008 1.63714
7.45996e-008 1.63714
7.47996e-008 1.64046
7.49996e-008 1.63714
7.51996e-008 1.64046
7.53996e-008 1.64378
7.55996e-008 1.63714
7.57996e-008 1.64046
7.59996e-008 1.64046
7.61996e-008 1.63714
7.63996e-008 1.63714
7.65996e-008 1.64378
7.67996e-008 1.64046
7.69996e-008 1.6471
7.71996e-008 1.64378
7.73996e-008 1.64378
7.75996e-008 1.64046
7.77996e-008 1.64046
7.79996e-008 1.64046
7.81996e-008 1.64046
7.83996e-008 1.63714
7.85996e-008 1.64046
7.87996e-008 1.64046
7.89996e-008 1.63714
7.91996e-008 1.64046
7.93996e-008 1.64046
7.95996e-008 1.64046
7.97996e-008 1.64046
7.99996e-008 1.64046
8.01996e-008 1.6471
8.03996e-008 1.63714
8.05996e-008 1.64046
8.07996e-008 1.63714
8.09996e-008 1.64046
8.11996e-008 1.64046
8.13996e-008 1.64378
8.15996e-008 1.64046
8.17996e-008 1.64046
8.19996e-008 1.63714
8.21996e-008 1.64046
8.23996e-008 1.63382
8.25996e-008 1.63382
8.27996e-008 1.63714
8.29996e-008 1.63714
8.31996e-008 1.63714
8.33996e-008 1.63714
8.35996e-008 1.63382
8.37996e-008 1.63714
8.39996e-008 1.63382
8.41996e-008 1.63714
8.43996e-008 1.63714
8.45996e-008 1.63714
8.47996e-008 1.63714
8.49996e-008 1.63714
8.51996e-008 1.64046
8.53996e-008 1.64046
8.55996e-008 1.63714
8.57996e-008 1.63714
8.59996e-008 1.64046
8.61996e-008 1.63714
8.63996e-008 1.63714
8.65996e-008 1.63714
8.67996e-008 1.63382
8.69996e-008 1.64046
8.71996e-008 1.63382
8.73996e-008 1.64046
8.75996e-008 1.63714
8.77996e-008 1.64046
8.79996e-008 1.63382
8.81996e-008 1.63714
8.83996e-008 1.63382
8.85996e-008 1.64046
8.87996e-008 1.63382
8.89996e-008 1.63382
8.91996e-008 1.63382
8.93996e-008 1.63714
8.95996e-008 1.63382
8.97996e-008 1.63714
8.99996e-008 1.63382
9.01996e-008 1.63382
9.03996e-008 1.6305
9.05996e-008 1.6305
9.07996e-008 1.6305
9.09996e-008 1.6305
9.11996e-008 1.6305
9.13996e-008 1.63382
9.15996e-008 1.63382
9.17996e-008 1.63382
9.19996e-008 1.6305
9.21996e-008 1.63714
9.23996e-008 1.63382
9.25996e-008 1.63382
9.27996e-008 1.63714
9.29996e-008 1.63714
9.31996e-008 1.63382
9.33996e-008 1.63382
9.35996e-008 1.64046
9.37996e-008 1.6305
9.39996e-008 1.6305
9.41996e-008 1.63714
9.43996e-008 1.63714
9.45996e-008 1.63714
9.47996e-008 1.6305
9.49996e-008 1.6305
9.51996e-008 1.63382
9.53996e-008 1.63382
9.55996e-008 1.6305
9.57996e-008 1.63714
9.59996e-008 1.6305
9.61996e-008 1.63382
9.63996e-008 1.6305
9.65996e-008 1.63714
9.67996e-008 1.63382
9.69996e-008 1.63714
9.71996e-008 1.63714
9.73996e-008 1.64046
9.75996e-008 1.63714
9.77996e-008 1.63714
9.79996e-008 1.63714
9.81996e-008 1.64046
9.83996e-008 1.64046
9.85996e-008 1.63382
9.87996e-008 1.63714
9.89996e-008 1.63714
9.91996e-008 1.63714
9.93996e-008 1.63382
9.95996e-008 1.63714
9.97996e-008 1.64046
9.99996e-008 1.63714
1.002e-007 1.63714
1.004e-007 1.63382
1.006e-007 1.63382
1.008e-007 1.63714
1.01e-007 1.63382
1.012e-007 1.6305
1.014e-007 1.63382
1.016e-007 1.63382
1.018e-007 1.63382
1.02e-007 1.6305
1.022e-007 1.63714
1.024e-007 1.63382
1.026e-007 1.63382
1.028e-007 1.63382
1.03e-007 1.63714
1.032e-007 1.63382
1.034e-007 1.63714
1.036e-007 1.63382
1.038e-007 1.63382
1.04e-007 1.6305
1.042e-007 1.63714
1.044e-007 1.63382
1.046e-007 1.63714
1.048e-007 1.63382
1.05e-007 1.63714
1.052e-007 1.63382
1.054e-007 1.63382
1.056e-007 1.63714
1.058e-007 1.6305
1.06e-007 1.63382
1.062e-007 1.63382
1.064e-007 1.63382
1.066e-007 1.63382
1.068e-007 1.63714
1.07e-007 1.63714
1.072e-007 1.6305
1.074e-007 1.63714
1.076e-007 1.63382
1.078e-007 1.63714
1.08e-007 1.64046
1.082e-007 1.63382
1.084e-007 1.63382
1.086e-007 1.6305
1.088e-007 1.63382
1.09e-007 1.63382
1.092e-007 1.6305
1.094e-007 1.63714
1.096e-007 1.63714
1.098e-007 1.63714
1.1e-007 1.63714
1.102e-007 1.63382
1.104e-007 1.63714
1.106e-007 1.63382
1.108e-007 1.63714
1.11e-007 1.63714
1.112e-007 1.63714
1.114e-007 1.64046
1.116e-007 1.63714
1.118e-007 1.63714
1.12e-007 1.63714
1.122e-007 1.63382
1.124e-007 1.63382
1.126e-007 1.63714
1.128e-007 1.63382
1.13e-007 1.63382
1.132e-007 1.63382
1.134e-007 1.64046
1.136e-007 1.63714
1.138e-007 1.64046
1.14e-007 1.63714
1.142e-007 1.63714
1.144e-007 1.63714
1.146e-007 1.64046
1.148e-007 1.63714
1.15e-007 1.63714
1.152e-007 1.63714
1.154e-007 1.63714
1.156e-007 1.63714
1.158e-007 1.63382
1.16e-007 1.63714
1.162e-007 1.63382
1.164e-007 1.63382
1.166e-007 1.64046
1.168e-007 1.63714
1.17e-007 1.64046
1.172e-007 1.63382
1.174e-007 1.63714
1.176e-007 1.63714
1.178e-007 1.63714
1.18e-007 1.63382
1.182e-007 1.64046
1.184e-007 1.63714
1.186e-007 1.64378
1.188e-007 1.63714
1.19e-007 1.63714
1.192e-007 1.63714
1.194e-007 1.64046
1.196e-007 1.63382
1.198e-007 1.64046
1.2e-007 1.63382
1.202e-007 1.64046
1.204e-007 1.63714
1.206e-007 1.63714
1.208e-007 1.63714
1.21e-007 1.64046
1.212e-007 1.63714
1.214e-007 1.63714
1.216e-007 1.63382
1.218e-007 1.63714
1.22e-007 1.63714
1.222e-007 1.64046
1.224e-007 1.64046
1.226e-007 1.63714
1.228e-007 1.63714
1.23e-007 1.63382
1.232e-007 1.63714
1.234e-007 1.63714
1.236e-007 1.63714
1.238e-007 1.63714
1.24e-007 1.63382
1.242e-007 1.63714
1.244e-007 1.63714
1.246e-007 1.63714
1.248e-007 1.63714
1.25e-007 1.63714
1.252e-007 1.63714
1.254e-007 1.64046
1.256e-007 1.64046
1.258e-007 1.64046
1.26e-007 1.64046
1.262e-007 1.63714
1.264e-007 1.64046
1.266e-007 1.64046
1.268e-007 1.63714
1.27e-007 1.64046
1.272e-007 1.63714
1.274e-007 1.63382
1.276e-007 1.63714
1.278e-007 1.63714
1.28e-007 1.63714
1.282e-007 1.64046
1.284e-007 1.63714
1.286e-007 1.64046
1.288e-007 1.64046
1.29e-007 1.64046
1.292e-007 1.64046
1.294e-007 1.6471
1.296e-007 1.63714
1.298e-007 1.64046
1.3e-007 1.63714
1.302e-007 1.63714
1.304e-007 1.63714
1.306e-007 1.63714
1.308e-007 1.63714
1.31e-007 1.63714
1.312e-007 1.63714
1.314e-007 1.64046
1.316e-007 1.63714
1.318e-007 1.64046
1.32e-007 1.64046
1.322e-007 1.64046
1.324e-007 1.63714
1.326e-007 1.63714
1.328e-007 1.63714
1.33e-007 1.64046
1.332e-007 1.63714
1.334e-007 1.64046
1.336e-007 1.63714
1.338e-007 1.64046
1.34e-007 1.63382
1.342e-007 1.63714
1.344e-007 1.63382
1.346e-007 1.63714
1.348e-007 1.63714
1.35e-007 1.64046
1.352e-007 1.64046
1.354e-007 1.64046
1.356e-007 1.63714
1.358e-007 1.63714
1.36e-007 1.63382
1.362e-007 1.63714
1.364e-007 1.63714
1.366e-007 1.64046
1.368e-007 1.63382
1.37e-007 1.64046
1.372e-007 1.63714
1.374e-007 1.63714
1.376e-007 1.63714
1.378e-007 1.64046
1.38e-007 1.64046
1.382e-007 1.64378
1.384e-007 1.64046
1.386e-007 1.64046
1.388e-007 1.63714
1.39e-007 1.64046
1.392e-007 1.63714
1.394e-007 1.63714
1.396e-007 1.63714
1.398e-007 1.63714
1.4e-007 1.63714
1.402e-007 1.64046
1.404e-007 1.64378
1.406e-007 1.64378
1.408e-007 1.63714
1.41e-007 1.64046
1.412e-007 1.64046
1.414e-007 1.64378
1.416e-007 1.63714
1.418e-007 1.64378
1.42e-007 1.63714
1.422e-007 1.64046
1.424e-007 1.63714
1.426e-007 1.64046
1.428e-007 1.63714
1.43e-007 1.64046
1.432e-007 1.63714
1.434e-007 1.64046
1.436e-007 1.64046
1.438e-007 1.64046
1.44e-007 1.64046
1.442e-007 1.64378
1.444e-007 1.64046
1.446e-007 1.64378
1.448e-007 1.63714
1.45e-007 1.63714
1.452e-007 1.63714
1.454e-007 1.63714
1.456e-007 1.63714
1.458e-007 1.64046
1.46e-007 1.63714
1.462e-007 1.63714
1.464e-007 1.63714
1.466e-007 1.63714
1.468e-007 1.63714
1.47e-007 1.63714
1.472e-007 1.64046
1.474e-007 1.64046
1.476e-007 1.63714
1.478e-007 1.64378
1.48e-007 1.64378
1.482e-007 1.64046
1.484e-007 1.64046
1.486e-007 1.63714
