LECROYWS44MXs-B 69584 Waveform
Segments 1 SegmentSize 1002
Segment TrigTime TimeSinceSegment1
#1 23-Jun-2015 20:57:37 0                 
Time Ampl
-5.17954e-008 1.64378
-5.15954e-008 1.6471
-5.13954e-008 1.64378
-5.11954e-008 1.6471
-5.09954e-008 1.64046
-5.07954e-008 1.6471
-5.05954e-008 1.6471
-5.03954e-008 1.6471
-5.01954e-008 1.64378
-4.99954e-008 1.6471
-4.97954e-008 1.6471
-4.95954e-008 1.65042
-4.93954e-008 1.65042
-4.91954e-008 1.65042
-4.89954e-008 1.65042
-4.87954e-008 1.6471
-4.85954e-008 1.64046
-4.83954e-008 1.6471
-4.81954e-008 1.6471
-4.79954e-008 1.6471
-4.77954e-008 1.64378
-4.75954e-008 1.6471
-4.73954e-008 1.64046
-4.71954e-008 1.6471
-4.69954e-008 1.64378
-4.67954e-008 1.6471
-4.65954e-008 1.64046
-4.63954e-008 1.6471
-4.61954e-008 1.64378
-4.59954e-008 1.6471
-4.57954e-008 1.6471
-4.55954e-008 1.65042
-4.53954e-008 1.6471
-4.51954e-008 1.6471
-4.49954e-008 1.64378
-4.47954e-008 1.6471
-4.45954e-008 1.65042
-4.43954e-008 1.6471
-4.41954e-008 1.65042
-4.39954e-008 1.65042
-4.37954e-008 1.6471
-4.35954e-008 1.6471
-4.33954e-008 1.64378
-4.31954e-008 1.65042
-4.29954e-008 1.64378
-4.27954e-008 1.6471
-4.25954e-008 1.64378
-4.23954e-008 1.64378
-4.21954e-008 1.64378
-4.19954e-008 1.6471
-4.17954e-008 1.64378
-4.15954e-008 1.6471
-4.13954e-008 1.6471
-4.11954e-008 1.65042
-4.09954e-008 1.6471
-4.07954e-008 1.6471
-4.05954e-008 1.6471
-4.03954e-008 1.65042
-4.01954e-008 1.64378
-3.99954e-008 1.6471
-3.97954e-008 1.64378
-3.95954e-008 1.64378
-3.93954e-008 1.64046
-3.91954e-008 1.6471
-3.89954e-008 1.64378
-3.87954e-008 1.6471
-3.85954e-008 1.6471
-3.83954e-008 1.6471
-3.81954e-008 1.64378
-3.79954e-008 1.6471
-3.77954e-008 1.64378
-3.75954e-008 1.64378
-3.73954e-008 1.6471
-3.71954e-008 1.6471
-3.69954e-008 1.64378
-3.67954e-008 1.64378
-3.65954e-008 1.64378
-3.63954e-008 1.64378
-3.61954e-008 1.64046
-3.59954e-008 1.6471
-3.57954e-008 1.64378
-3.55954e-008 1.64378
-3.53954e-008 1.64046
-3.51954e-008 1.64378
-3.49954e-008 1.64378
-3.47954e-008 1.65042
-3.45954e-008 1.6471
-3.43954e-008 1.65042
-3.41954e-008 1.6471
-3.39954e-008 1.6471
-3.37954e-008 1.6471
-3.35954e-008 1.6471
-3.33954e-008 1.6471
-3.31954e-008 1.64378
-3.29954e-008 1.64378
-3.27954e-008 1.64378
-3.25954e-008 1.64378
-3.23954e-008 1.65042
-3.21954e-008 1.6471
-3.19954e-008 1.65042
-3.17954e-008 1.6471
-3.15954e-008 1.6471
-3.13954e-008 1.6471
-3.11954e-008 1.64378
-3.09954e-008 1.6471
-3.07954e-008 1.6471
-3.05954e-008 1.64046
-3.03954e-008 1.64378
-3.01954e-008 1.64378
-2.99954e-008 1.6471
-2.97954e-008 1.6471
-2.95954e-008 1.6471
-2.93954e-008 1.6471
-2.91954e-008 1.6471
-2.89954e-008 1.65042
-2.87954e-008 1.6471
-2.85954e-008 1.6471
-2.83954e-008 1.6471
-2.81954e-008 1.6471
-2.79954e-008 1.65042
-2.77954e-008 1.6471
-2.75954e-008 1.6471
-2.73954e-008 1.64378
-2.71954e-008 1.64378
-2.69954e-008 1.64378
-2.67954e-008 1.64378
-2.65954e-008 1.64046
-2.63954e-008 1.64046
-2.61954e-008 1.64378
-2.59954e-008 1.6471
-2.57954e-008 1.64378
-2.55954e-008 1.6471
-2.53954e-008 1.6471
-2.51954e-008 1.65042
-2.49954e-008 1.65374
-2.47954e-008 1.65042
-2.45954e-008 1.65374
-2.43954e-008 1.65042
-2.41954e-008 1.65042
-2.39954e-008 1.65042
-2.37954e-008 1.65042
-2.35954e-008 1.65374
-2.33954e-008 1.65374
-2.31954e-008 1.65042
-2.29954e-008 1.6471
-2.27954e-008 1.6471
-2.25954e-008 1.6471
-2.23954e-008 1.64378
-2.21954e-008 1.64378
-2.19954e-008 1.6471
-2.17954e-008 1.64046
-2.15954e-008 1.64378
-2.13954e-008 1.64378
-2.11954e-008 1.64378
-2.09954e-008 1.6471
-2.07954e-008 1.6471
-2.05954e-008 1.64378
-2.03954e-008 1.65042
-2.01954e-008 1.64378
-1.99954e-008 1.6471
-1.97954e-008 1.6471
-1.95954e-008 1.65042
-1.93954e-008 1.6471
-1.91954e-008 1.6471
-1.89954e-008 1.64378
-1.87954e-008 1.64378
-1.85954e-008 1.6471
-1.83954e-008 1.6471
-1.81954e-008 1.64378
-1.79954e-008 1.65042
-1.77954e-008 1.64378
-1.75954e-008 1.6471
-1.73954e-008 1.6471
-1.71954e-008 1.6471
-1.69954e-008 1.6471
-1.67954e-008 1.6471
-1.65954e-008 1.64378
-1.63954e-008 1.64378
-1.61954e-008 1.6471
-1.59954e-008 1.6471
-1.57954e-008 1.64378
-1.55954e-008 1.65042
-1.53954e-008 1.64378
-1.51954e-008 1.6471
-1.49954e-008 1.64378
-1.47954e-008 1.6471
-1.45954e-008 1.6471
-1.43954e-008 1.6471
-1.41954e-008 1.6471
-1.39954e-008 1.64378
-1.37954e-008 1.64046
-1.35954e-008 1.64378
-1.33954e-008 1.6471
-1.31954e-008 1.64378
-1.29954e-008 1.64378
-1.27954e-008 1.6471
-1.25954e-008 1.6471
-1.23954e-008 1.6471
-1.21954e-008 1.64378
-1.19954e-008 1.65042
-1.17954e-008 1.64378
-1.15954e-008 1.65042
-1.13954e-008 1.6471
-1.11954e-008 1.65042
-1.09954e-008 1.65042
-1.07954e-008 1.65042
-1.05954e-008 1.64378
-1.03954e-008 1.6471
-1.01954e-008 1.65042
-9.99537e-009 1.65042
-9.79537e-009 1.6471
-9.59537e-009 1.65042
-9.39537e-009 1.6471
-9.19537e-009 1.65042
-8.99537e-009 1.65042
-8.79537e-009 1.65042
-8.59537e-009 1.65042
-8.39537e-009 1.65042
-8.19537e-009 1.65042
-7.99537e-009 1.65042
-7.79537e-009 1.65042
-7.59537e-009 1.65042
-7.39537e-009 1.65042
-7.19537e-009 1.65042
-6.99537e-009 1.65042
-6.79537e-009 1.65042
-6.59537e-009 1.65042
-6.39537e-009 1.65042
-6.19537e-009 1.65374
-5.99537e-009 1.65374
-5.79537e-009 1.65706
-5.59537e-009 1.66371
-5.39537e-009 1.66703
-5.19537e-009 1.66703
-4.99537e-009 1.67035
-4.79537e-009 1.67035
-4.59537e-009 1.67699
-4.39537e-009 1.67699
-4.19537e-009 1.68031
-3.99537e-009 1.68695
-3.79537e-009 1.6936
-3.59537e-009 1.69692
-3.39537e-009 1.70356
-3.19537e-009 1.70688
-2.99537e-009 1.71352
-2.79537e-009 1.71684
-2.59537e-009 1.72348
-2.39537e-009 1.7268
-2.19537e-009 1.73677
-1.99537e-009 1.74341
-1.79537e-009 1.75005
-1.59537e-009 1.75669
-1.39537e-009 1.76666
-1.19537e-009 1.77662
-9.9537e-010 1.78326
-7.9537e-010 1.7899
-5.9537e-010 1.79654
-3.9537e-010 1.80319
-1.9537e-010 1.80983
4.63035e-012 1.81647
2.0463e-010 1.82311
4.0463e-010 1.83307
6.0463e-010 1.84304
8.0463e-010 1.84968
1.00463e-009 1.853
1.20463e-009 1.85964
1.40463e-009 1.86296
1.60463e-009 1.8696
1.80463e-009 1.87957
2.00463e-009 1.87957
2.20463e-009 1.88953
2.40463e-009 1.89617
2.60463e-009 1.89949
2.80463e-009 1.90946
3.00463e-009 1.91278
3.20463e-009 1.9161
3.40463e-009 1.92274
3.60463e-009 1.92938
3.80463e-009 1.93602
4.00463e-009 1.93934
4.20463e-009 1.94599
4.40463e-009 1.94599
4.60463e-009 1.94931
4.80463e-009 1.95263
5.00463e-009 1.95595
5.20463e-009 1.95595
5.40463e-009 1.95595
5.60463e-009 1.95263
5.80463e-009 1.95263
6.00463e-009 1.95263
6.20463e-009 1.95927
6.40463e-009 1.95927
6.60463e-009 1.96259
6.80463e-009 1.96259
7.00463e-009 1.96923
7.20463e-009 1.96591
7.40463e-009 1.96923
7.60463e-009 1.96591
7.80463e-009 1.96259
8.00463e-009 1.96259
8.20463e-009 1.96259
8.40463e-009 1.96259
8.60463e-009 1.96259
8.80463e-009 1.95927
9.00463e-009 1.95263
9.20463e-009 1.94599
9.40463e-009 1.94931
9.60463e-009 1.94267
9.80463e-009 1.93934
1.00046e-008 1.93602
1.02046e-008 1.93602
1.04046e-008 1.92938
1.06046e-008 1.92606
1.08046e-008 1.92606
1.10046e-008 1.92938
1.12046e-008 1.92606
1.14046e-008 1.91942
1.16046e-008 1.91942
1.18046e-008 1.91278
1.20046e-008 1.90946
1.22046e-008 1.89949
1.24046e-008 1.89949
1.26046e-008 1.89617
1.28046e-008 1.88953
1.30046e-008 1.88953
1.32046e-008 1.88621
1.34046e-008 1.87957
1.36046e-008 1.87625
1.38046e-008 1.87293
1.40046e-008 1.8696
1.42046e-008 1.86296
1.44046e-008 1.86296
1.46046e-008 1.853
1.48046e-008 1.84968
1.50046e-008 1.84968
1.52046e-008 1.84636
1.54046e-008 1.83972
1.56046e-008 1.83307
1.58046e-008 1.83307
1.60046e-008 1.82975
1.62046e-008 1.82643
1.64046e-008 1.82311
1.66046e-008 1.81979
1.68046e-008 1.81647
1.70046e-008 1.80983
1.72046e-008 1.80319
1.74046e-008 1.80319
1.76046e-008 1.79654
1.78046e-008 1.79322
1.80046e-008 1.7899
1.82046e-008 1.78326
1.84046e-008 1.77994
1.86046e-008 1.77662
1.88046e-008 1.77662
1.90046e-008 1.77662
1.92046e-008 1.76998
1.94046e-008 1.76666
1.96046e-008 1.76666
1.98046e-008 1.76001
2.00046e-008 1.76001
2.02046e-008 1.75669
2.04046e-008 1.75669
2.06046e-008 1.75337
2.08046e-008 1.75005
2.10046e-008 1.74673
2.12046e-008 1.74009
2.14046e-008 1.73677
2.16046e-008 1.73345
2.18046e-008 1.73013
2.20046e-008 1.73013
2.22046e-008 1.7268
2.24046e-008 1.72348
2.26046e-008 1.72348
2.28046e-008 1.72348
2.30046e-008 1.71684
2.32046e-008 1.71684
2.34046e-008 1.71684
2.36046e-008 1.71352
2.38046e-008 1.71352
2.40046e-008 1.70688
2.42046e-008 1.7102
2.44046e-008 1.70356
2.46046e-008 1.70356
2.48046e-008 1.69692
2.50046e-008 1.70024
2.52046e-008 1.69692
2.54046e-008 1.70024
2.56046e-008 1.69692
2.58046e-008 1.6936
2.60046e-008 1.69027
2.62046e-008 1.6936
2.64046e-008 1.69027
2.66046e-008 1.68695
2.68046e-008 1.68695
2.70046e-008 1.68363
2.72046e-008 1.67699
2.74046e-008 1.68031
2.76046e-008 1.68031
2.78046e-008 1.68031
2.80046e-008 1.67699
2.82046e-008 1.67699
2.84046e-008 1.67699
2.86046e-008 1.67699
2.88046e-008 1.67367
2.90046e-008 1.67367
2.92046e-008 1.67035
2.94046e-008 1.66703
2.96046e-008 1.67035
2.98046e-008 1.66703
3.00046e-008 1.66703
3.02046e-008 1.66703
3.04046e-008 1.66371
3.06046e-008 1.66371
3.08046e-008 1.66371
3.10046e-008 1.66703
3.12046e-008 1.66039
3.14046e-008 1.66703
3.16046e-008 1.66371
3.18046e-008 1.65706
3.20046e-008 1.65706
3.22046e-008 1.65706
3.24046e-008 1.65706
3.26046e-008 1.65706
3.28046e-008 1.65706
3.30046e-008 1.66039
3.32046e-008 1.65706
3.34046e-008 1.65706
3.36046e-008 1.65706
3.38046e-008 1.65706
3.40046e-008 1.65706
3.42046e-008 1.66039
3.44046e-008 1.65706
3.46046e-008 1.65706
3.48046e-008 1.65374
3.50046e-008 1.65706
3.52046e-008 1.65706
3.54046e-008 1.65042
3.56046e-008 1.65042
3.58046e-008 1.65374
3.60046e-008 1.65374
3.62046e-008 1.65374
3.64046e-008 1.65374
3.66046e-008 1.65374
3.68046e-008 1.65706
3.70046e-008 1.65374
3.72046e-008 1.65706
3.74046e-008 1.65706
3.76046e-008 1.65706
3.78046e-008 1.65374
3.80046e-008 1.65374
3.82046e-008 1.65042
3.84046e-008 1.65042
3.86046e-008 1.6471
3.88046e-008 1.65042
3.90046e-008 1.64378
3.92046e-008 1.6471
3.94046e-008 1.6471
3.96046e-008 1.6471
3.98046e-008 1.65042
4.00046e-008 1.65042
4.02046e-008 1.65042
4.04046e-008 1.65374
4.06046e-008 1.65042
4.08046e-008 1.65042
4.10046e-008 1.65706
4.12046e-008 1.65706
4.14046e-008 1.65706
4.16046e-008 1.65706
4.18046e-008 1.65374
4.20046e-008 1.65374
4.22046e-008 1.65042
4.24046e-008 1.65374
4.26046e-008 1.65042
4.28046e-008 1.65042
4.30046e-008 1.6471
4.32046e-008 1.65374
4.34046e-008 1.64378
4.36046e-008 1.65042
4.38046e-008 1.6471
4.40046e-008 1.6471
4.42046e-008 1.65042
4.44046e-008 1.65042
4.46046e-008 1.65042
4.48046e-008 1.65374
4.50046e-008 1.65042
4.52046e-008 1.65374
4.54046e-008 1.65374
4.56046e-008 1.65374
4.58046e-008 1.66039
4.60046e-008 1.65706
4.62046e-008 1.65706
4.64046e-008 1.65706
4.66046e-008 1.65706
4.68046e-008 1.65706
4.70046e-008 1.65374
4.72046e-008 1.65374
4.74046e-008 1.65042
4.76046e-008 1.65042
4.78046e-008 1.65042
4.80046e-008 1.65042
4.82046e-008 1.65042
4.84046e-008 1.65042
4.86046e-008 1.65042
4.88046e-008 1.65374
4.90046e-008 1.65374
4.92046e-008 1.65374
4.94046e-008 1.65374
4.96046e-008 1.65374
4.98046e-008 1.65706
5.00046e-008 1.65706
5.02046e-008 1.65706
5.04046e-008 1.65706
5.06046e-008 1.65706
5.08046e-008 1.65374
5.10046e-008 1.65042
5.12046e-008 1.65374
5.14046e-008 1.65042
5.16046e-008 1.65374
5.18046e-008 1.65042
5.20046e-008 1.65374
5.22046e-008 1.65042
5.24046e-008 1.65042
5.26046e-008 1.65042
5.28046e-008 1.65042
5.30046e-008 1.65042
5.32046e-008 1.65374
5.34046e-008 1.65042
5.36046e-008 1.65374
5.38046e-008 1.65374
5.40046e-008 1.65374
5.42046e-008 1.65374
5.44046e-008 1.65042
5.46046e-008 1.65042
5.48046e-008 1.65042
5.50046e-008 1.65042
5.52046e-008 1.65042
5.54046e-008 1.65042
5.56046e-008 1.65042
5.58046e-008 1.65042
5.60046e-008 1.65042
5.62046e-008 1.65042
5.64046e-008 1.65042
5.66046e-008 1.6471
5.68046e-008 1.65374
5.70046e-008 1.65374
5.72046e-008 1.65042
5.74046e-008 1.65042
5.76046e-008 1.65706
5.78046e-008 1.65374
5.80046e-008 1.65706
5.82046e-008 1.65374
5.84046e-008 1.65374
5.86046e-008 1.65042
5.88046e-008 1.65706
5.90046e-008 1.65374
5.92046e-008 1.65042
5.94046e-008 1.65374
5.96046e-008 1.65374
5.98046e-008 1.65374
6.00046e-008 1.65042
6.02046e-008 1.6471
6.04046e-008 1.65042
6.06046e-008 1.65374
6.08046e-008 1.65042
6.10046e-008 1.65042
6.12046e-008 1.65374
6.14046e-008 1.65042
6.16046e-008 1.65042
6.18046e-008 1.65042
6.20046e-008 1.65042
6.22046e-008 1.65042
6.24046e-008 1.65042
6.26046e-008 1.65042
6.28046e-008 1.65374
6.30046e-008 1.65042
6.32046e-008 1.65042
6.34046e-008 1.65042
6.36046e-008 1.65374
6.38046e-008 1.65374
6.40046e-008 1.65374
6.42046e-008 1.65042
6.44046e-008 1.65706
6.46046e-008 1.65374
6.48046e-008 1.65374
6.50046e-008 1.65706
6.52046e-008 1.65374
6.54046e-008 1.65374
6.56046e-008 1.65042
6.58046e-008 1.65374
6.60046e-008 1.65706
6.62046e-008 1.65042
6.64046e-008 1.65042
6.66046e-008 1.6471
6.68046e-008 1.65042
6.70046e-008 1.65042
6.72046e-008 1.65374
6.74046e-008 1.65042
6.76046e-008 1.65374
6.78046e-008 1.65042
6.80046e-008 1.65374
6.82046e-008 1.65374
6.84046e-008 1.65706
6.86046e-008 1.65706
6.88046e-008 1.65374
6.90046e-008 1.65706
6.92046e-008 1.65374
6.94046e-008 1.65374
6.96046e-008 1.65042
6.98046e-008 1.6471
7.00046e-008 1.6471
7.02046e-008 1.65042
7.04046e-008 1.65374
7.06046e-008 1.65706
7.08046e-008 1.65042
7.10046e-008 1.65374
7.12046e-008 1.65042
7.14046e-008 1.65042
7.16046e-008 1.65374
7.18046e-008 1.65374
7.20046e-008 1.6471
7.22046e-008 1.6471
7.24046e-008 1.6471
7.26046e-008 1.65042
7.28046e-008 1.65042
7.30046e-008 1.65042
7.32046e-008 1.65374
7.34046e-008 1.65706
7.36046e-008 1.65374
7.38046e-008 1.65706
7.40046e-008 1.65706
7.42046e-008 1.65374
7.44046e-008 1.66039
7.46046e-008 1.65374
7.48046e-008 1.65374
7.50046e-008 1.65042
7.52046e-008 1.65374
7.54046e-008 1.65042
7.56046e-008 1.6471
7.58046e-008 1.6471
7.60046e-008 1.65042
7.62046e-008 1.65042
7.64046e-008 1.65042
7.66046e-008 1.65374
7.68046e-008 1.65374
7.70046e-008 1.65374
7.72046e-008 1.65374
7.74046e-008 1.65374
7.76046e-008 1.65374
7.78046e-008 1.65706
7.80046e-008 1.65706
7.82046e-008 1.65706
7.84046e-008 1.65706
7.86046e-008 1.65706
7.88046e-008 1.65374
7.90046e-008 1.65042
7.92046e-008 1.65042
7.94046e-008 1.65042
7.96046e-008 1.65374
7.98046e-008 1.65042
8.00046e-008 1.65042
8.02046e-008 1.65374
8.04046e-008 1.65374
8.06046e-008 1.65374
8.08046e-008 1.65374
8.10046e-008 1.65042
8.12046e-008 1.65042
8.14046e-008 1.65042
8.16046e-008 1.6471
8.18046e-008 1.65042
8.20046e-008 1.65042
8.22046e-008 1.65042
8.24046e-008 1.65042
8.26046e-008 1.65374
8.28046e-008 1.65042
8.30046e-008 1.65374
8.32046e-008 1.65706
8.34046e-008 1.65042
8.36046e-008 1.65042
8.38046e-008 1.65374
8.40046e-008 1.65374
8.42046e-008 1.65042
8.44046e-008 1.65042
8.46046e-008 1.65042
8.48046e-008 1.65042
8.50046e-008 1.6471
8.52046e-008 1.65042
8.54046e-008 1.65042
8.56046e-008 1.6471
8.58046e-008 1.6471
8.60046e-008 1.6471
8.62046e-008 1.6471
8.64046e-008 1.6471
8.66046e-008 1.64378
8.68046e-008 1.6471
8.70046e-008 1.65042
8.72046e-008 1.6471
8.74046e-008 1.64378
8.76046e-008 1.6471
8.78046e-008 1.64378
8.80046e-008 1.6471
8.82046e-008 1.6471
8.84046e-008 1.6471
8.86046e-008 1.64378
8.88046e-008 1.64378
8.90046e-008 1.6471
8.92046e-008 1.64378
8.94046e-008 1.64378
8.96046e-008 1.65042
8.98046e-008 1.6471
9.00046e-008 1.6471
9.02046e-008 1.64378
9.04046e-008 1.6471
9.06046e-008 1.6471
9.08046e-008 1.6471
9.10046e-008 1.64378
9.12046e-008 1.6471
9.14046e-008 1.6471
9.16046e-008 1.6471
9.18046e-008 1.64046
9.20046e-008 1.64046
9.22046e-008 1.64378
9.24046e-008 1.64046
9.26046e-008 1.64378
9.28046e-008 1.64378
9.30046e-008 1.64046
9.32046e-008 1.6471
9.34046e-008 1.6471
9.36046e-008 1.64378
9.38046e-008 1.6471
9.40046e-008 1.64046
9.42046e-008 1.64378
9.44046e-008 1.64378
9.46046e-008 1.64046
9.48046e-008 1.64378
9.50046e-008 1.64378
9.52046e-008 1.6471
9.54046e-008 1.64378
9.56046e-008 1.65042
9.58046e-008 1.64378
9.60046e-008 1.64378
9.62046e-008 1.64378
9.64046e-008 1.6471
9.66046e-008 1.64378
9.68046e-008 1.64378
9.70046e-008 1.64378
9.72046e-008 1.64046
9.74046e-008 1.64378
9.76046e-008 1.63714
9.78046e-008 1.63714
9.80046e-008 1.64378
9.82046e-008 1.64046
9.84046e-008 1.64378
9.86046e-008 1.64378
9.88046e-008 1.64378
9.90046e-008 1.64046
9.92046e-008 1.64378
9.94046e-008 1.64378
9.96046e-008 1.64378
9.98046e-008 1.64378
1.00005e-007 1.64378
1.00205e-007 1.64378
1.00405e-007 1.65042
1.00605e-007 1.64378
1.00805e-007 1.6471
1.01005e-007 1.64378
1.01205e-007 1.64378
1.01405e-007 1.64378
1.01605e-007 1.64378
1.01805e-007 1.64378
1.02005e-007 1.64378
1.02205e-007 1.6471
1.02405e-007 1.64378
1.02605e-007 1.64046
1.02805e-007 1.64046
1.03005e-007 1.64378
1.03205e-007 1.6471
1.03405e-007 1.65042
1.03605e-007 1.6471
1.03805e-007 1.64378
1.04005e-007 1.64378
1.04205e-007 1.64046
1.04405e-007 1.64378
1.04605e-007 1.6471
1.04805e-007 1.6471
1.05005e-007 1.6471
1.05205e-007 1.64378
1.05405e-007 1.64378
1.05605e-007 1.64378
1.05805e-007 1.64046
1.06005e-007 1.64378
1.06205e-007 1.64378
1.06405e-007 1.6471
1.06605e-007 1.64378
1.06805e-007 1.6471
1.07005e-007 1.64378
1.07205e-007 1.6471
1.07405e-007 1.64378
1.07605e-007 1.6471
1.07805e-007 1.6471
1.08005e-007 1.6471
1.08205e-007 1.64378
1.08405e-007 1.6471
1.08605e-007 1.6471
1.08805e-007 1.64378
1.09005e-007 1.64378
1.09205e-007 1.64378
1.09405e-007 1.64378
1.09605e-007 1.64378
1.09805e-007 1.64378
1.10005e-007 1.64378
1.10205e-007 1.64378
1.10405e-007 1.6471
1.10605e-007 1.64378
1.10805e-007 1.6471
1.11005e-007 1.64046
1.11205e-007 1.64378
1.11405e-007 1.64046
1.11605e-007 1.64378
1.11805e-007 1.64378
1.12005e-007 1.64378
1.12205e-007 1.64378
1.12405e-007 1.64046
1.12605e-007 1.63714
1.12805e-007 1.64046
1.13005e-007 1.64046
1.13205e-007 1.63714
1.13405e-007 1.64046
1.13605e-007 1.64378
1.13805e-007 1.64046
1.14005e-007 1.6471
1.14205e-007 1.6471
1.14405e-007 1.65042
1.14605e-007 1.6471
1.14805e-007 1.65042
1.15005e-007 1.64378
1.15205e-007 1.6471
1.15405e-007 1.64378
1.15605e-007 1.6471
1.15805e-007 1.64378
1.16005e-007 1.64378
1.16205e-007 1.64378
1.16405e-007 1.64378
1.16605e-007 1.64046
1.16805e-007 1.64378
1.17005e-007 1.64378
1.17205e-007 1.64046
1.17405e-007 1.64378
1.17605e-007 1.64378
1.17805e-007 1.64378
1.18005e-007 1.64378
1.18205e-007 1.6471
1.18405e-007 1.6471
1.18605e-007 1.6471
1.18805e-007 1.65042
1.19005e-007 1.6471
1.19205e-007 1.65042
1.19405e-007 1.6471
1.19605e-007 1.6471
1.19805e-007 1.64378
1.20005e-007 1.64378
1.20205e-007 1.64378
1.20405e-007 1.64046
1.20605e-007 1.64046
1.20805e-007 1.6471
1.21005e-007 1.64378
1.21205e-007 1.64378
1.21405e-007 1.64378
1.21605e-007 1.64378
1.21805e-007 1.64378
1.22005e-007 1.64378
1.22205e-007 1.64378
1.22405e-007 1.6471
1.22605e-007 1.64046
1.22805e-007 1.64378
1.23005e-007 1.64046
1.23205e-007 1.64378
1.23405e-007 1.64378
1.23605e-007 1.6471
1.23805e-007 1.64046
1.24005e-007 1.63714
1.24205e-007 1.64378
1.24405e-007 1.64378
1.24605e-007 1.64378
1.24805e-007 1.64046
1.25005e-007 1.64378
1.25205e-007 1.64378
1.25405e-007 1.64378
1.25605e-007 1.6471
1.25805e-007 1.6471
1.26005e-007 1.6471
1.26205e-007 1.64378
1.26405e-007 1.6471
1.26605e-007 1.64378
1.26805e-007 1.63714
1.27005e-007 1.64378
1.27205e-007 1.6471
1.27405e-007 1.6471
1.27605e-007 1.64378
1.27805e-007 1.64378
1.28005e-007 1.64378
1.28205e-007 1.63714
1.28405e-007 1.64378
1.28605e-007 1.64378
1.28805e-007 1.64046
1.29005e-007 1.64046
1.29205e-007 1.6471
1.29405e-007 1.6471
1.29605e-007 1.65042
1.29805e-007 1.6471
1.30005e-007 1.65042
1.30205e-007 1.6471
1.30405e-007 1.6471
1.30605e-007 1.6471
1.30805e-007 1.6471
1.31005e-007 1.6471
1.31205e-007 1.64378
1.31405e-007 1.64046
1.31605e-007 1.64378
1.31805e-007 1.64046
1.32005e-007 1.64046
1.32205e-007 1.64378
1.32405e-007 1.64378
1.32605e-007 1.64378
1.32805e-007 1.64378
1.33005e-007 1.64378
1.33205e-007 1.64378
1.33405e-007 1.6471
1.33605e-007 1.6471
1.33805e-007 1.64378
1.34005e-007 1.6471
1.34205e-007 1.6471
1.34405e-007 1.6471
1.34605e-007 1.64378
1.34805e-007 1.6471
1.35005e-007 1.64046
1.35205e-007 1.64378
1.35405e-007 1.6471
1.35605e-007 1.6471
1.35805e-007 1.64378
1.36005e-007 1.6471
1.36205e-007 1.64378
1.36405e-007 1.64378
1.36605e-007 1.64378
1.36805e-007 1.6471
1.37005e-007 1.64378
1.37205e-007 1.6471
1.37405e-007 1.6471
1.37605e-007 1.6471
1.37805e-007 1.64378
1.38005e-007 1.6471
1.38205e-007 1.6471
1.38405e-007 1.6471
1.38605e-007 1.64378
1.38805e-007 1.64046
1.39005e-007 1.64378
1.39205e-007 1.6471
1.39405e-007 1.64046
1.39605e-007 1.6471
1.39805e-007 1.6471
1.40005e-007 1.64378
1.40205e-007 1.6471
1.40405e-007 1.6471
1.40605e-007 1.64378
1.40805e-007 1.6471
1.41005e-007 1.64378
1.41205e-007 1.64046
1.41405e-007 1.64046
1.41605e-007 1.6471
1.41805e-007 1.64046
1.42005e-007 1.64378
1.42205e-007 1.64378
1.42405e-007 1.6471
1.42605e-007 1.6471
1.42805e-007 1.6471
1.43005e-007 1.65042
1.43205e-007 1.65042
1.43405e-007 1.65042
1.43605e-007 1.6471
1.43805e-007 1.64378
1.44005e-007 1.65042
1.44205e-007 1.64378
1.44405e-007 1.6471
1.44605e-007 1.64378
1.44805e-007 1.6471
1.45005e-007 1.64378
1.45205e-007 1.64046
1.45405e-007 1.64378
1.45605e-007 1.64046
1.45805e-007 1.64046
1.46005e-007 1.64046
1.46205e-007 1.64378
1.46405e-007 1.6471
1.46605e-007 1.64378
1.46805e-007 1.6471
1.47005e-007 1.64378
1.47205e-007 1.64378
1.47405e-007 1.6471
1.47605e-007 1.6471
1.47805e-007 1.65042
1.48005e-007 1.65042
1.48205e-007 1.65042
1.48405e-007 1.64378
