LECROYWS44MXs-B 69584 Waveform
Segments 1 SegmentSize 1002
Segment TrigTime TimeSinceSegment1
#1 23-Jun-2015 20:57:30 0                 
Time Ampl
-5.16165e-008 1.6471
-5.14165e-008 1.64378
-5.12165e-008 1.65042
-5.10165e-008 1.64378
-5.08165e-008 1.6471
-5.06165e-008 1.64378
-5.04165e-008 1.6471
-5.02165e-008 1.64378
-5.00165e-008 1.6471
-4.98165e-008 1.65042
-4.96165e-008 1.6471
-4.94165e-008 1.65042
-4.92165e-008 1.6471
-4.90165e-008 1.64378
-4.88165e-008 1.6471
-4.86165e-008 1.64378
-4.84165e-008 1.6471
-4.82165e-008 1.64378
-4.80165e-008 1.6471
-4.78165e-008 1.64378
-4.76165e-008 1.6471
-4.74165e-008 1.6471
-4.72165e-008 1.65374
-4.70165e-008 1.65042
-4.68165e-008 1.6471
-4.66165e-008 1.6471
-4.64165e-008 1.6471
-4.62165e-008 1.6471
-4.60165e-008 1.6471
-4.58165e-008 1.64046
-4.56165e-008 1.64378
-4.54165e-008 1.64378
-4.52165e-008 1.6471
-4.50165e-008 1.64378
-4.48165e-008 1.6471
-4.46165e-008 1.64378
-4.44165e-008 1.6471
-4.42165e-008 1.64378
-4.40165e-008 1.6471
-4.38165e-008 1.6471
-4.36165e-008 1.6471
-4.34165e-008 1.6471
-4.32165e-008 1.6471
-4.30165e-008 1.6471
-4.28165e-008 1.64378
-4.26165e-008 1.64378
-4.24165e-008 1.64378
-4.22165e-008 1.64378
-4.20165e-008 1.64378
-4.18165e-008 1.64378
-4.16165e-008 1.6471
-4.14165e-008 1.64378
-4.12165e-008 1.6471
-4.10165e-008 1.64046
-4.08165e-008 1.6471
-4.06165e-008 1.64378
-4.04165e-008 1.65042
-4.02165e-008 1.64378
-4.00165e-008 1.6471
-3.98165e-008 1.6471
-3.96165e-008 1.64378
-3.94165e-008 1.64378
-3.92165e-008 1.64378
-3.90165e-008 1.64046
-3.88165e-008 1.6471
-3.86165e-008 1.64378
-3.84165e-008 1.6471
-3.82165e-008 1.6471
-3.80165e-008 1.65042
-3.78165e-008 1.64378
-3.76165e-008 1.6471
-3.74165e-008 1.6471
-3.72165e-008 1.6471
-3.70165e-008 1.6471
-3.68165e-008 1.65042
-3.66165e-008 1.64378
-3.64165e-008 1.6471
-3.62165e-008 1.64378
-3.60165e-008 1.65042
-3.58165e-008 1.64378
-3.56165e-008 1.64378
-3.54165e-008 1.64378
-3.52165e-008 1.64378
-3.50165e-008 1.64378
-3.48165e-008 1.65042
-3.46165e-008 1.64378
-3.44165e-008 1.6471
-3.42165e-008 1.6471
-3.40165e-008 1.6471
-3.38165e-008 1.6471
-3.36165e-008 1.6471
-3.34165e-008 1.64378
-3.32165e-008 1.6471
-3.30165e-008 1.6471
-3.28165e-008 1.6471
-3.26165e-008 1.64378
-3.24165e-008 1.6471
-3.22165e-008 1.65042
-3.20165e-008 1.6471
-3.18165e-008 1.6471
-3.16165e-008 1.6471
-3.14165e-008 1.6471
-3.12165e-008 1.6471
-3.10165e-008 1.6471
-3.08165e-008 1.6471
-3.06165e-008 1.65042
-3.04165e-008 1.6471
-3.02165e-008 1.64378
-3.00165e-008 1.6471
-2.98165e-008 1.64046
-2.96165e-008 1.6471
-2.94165e-008 1.6471
-2.92165e-008 1.65042
-2.90165e-008 1.6471
-2.88165e-008 1.6471
-2.86165e-008 1.65042
-2.84165e-008 1.6471
-2.82165e-008 1.6471
-2.80165e-008 1.64378
-2.78165e-008 1.64378
-2.76165e-008 1.6471
-2.74165e-008 1.64378
-2.72165e-008 1.6471
-2.70165e-008 1.6471
-2.68165e-008 1.65042
-2.66165e-008 1.6471
-2.64165e-008 1.65042
-2.62165e-008 1.65042
-2.60165e-008 1.65042
-2.58165e-008 1.65042
-2.56165e-008 1.65042
-2.54165e-008 1.65042
-2.52165e-008 1.6471
-2.50165e-008 1.64378
-2.48165e-008 1.6471
-2.46165e-008 1.6471
-2.44165e-008 1.65042
-2.42165e-008 1.64378
-2.40165e-008 1.65042
-2.38165e-008 1.6471
-2.36165e-008 1.6471
-2.34165e-008 1.6471
-2.32165e-008 1.6471
-2.30165e-008 1.6471
-2.28165e-008 1.65042
-2.26165e-008 1.6471
-2.24165e-008 1.6471
-2.22165e-008 1.64378
-2.20165e-008 1.6471
-2.18165e-008 1.6471
-2.16165e-008 1.6471
-2.14165e-008 1.6471
-2.12165e-008 1.6471
-2.10165e-008 1.6471
-2.08165e-008 1.64378
-2.06165e-008 1.6471
-2.04165e-008 1.6471
-2.02165e-008 1.6471
-2.00165e-008 1.6471
-1.98165e-008 1.6471
-1.96165e-008 1.6471
-1.94165e-008 1.65042
-1.92165e-008 1.64378
-1.90165e-008 1.6471
-1.88165e-008 1.65042
-1.86165e-008 1.65042
-1.84165e-008 1.6471
-1.82165e-008 1.6471
-1.80165e-008 1.65042
-1.78165e-008 1.6471
-1.76165e-008 1.6471
-1.74165e-008 1.6471
-1.72165e-008 1.65042
-1.70165e-008 1.64378
-1.68165e-008 1.6471
-1.66165e-008 1.6471
-1.64165e-008 1.6471
-1.62165e-008 1.64378
-1.60165e-008 1.65042
-1.58165e-008 1.64378
-1.56165e-008 1.6471
-1.54165e-008 1.6471
-1.52165e-008 1.65042
-1.50165e-008 1.6471
-1.48165e-008 1.65042
-1.46165e-008 1.6471
-1.44165e-008 1.65374
-1.42165e-008 1.6471
-1.40165e-008 1.65374
-1.38165e-008 1.65042
-1.36165e-008 1.65042
-1.34165e-008 1.65042
-1.32165e-008 1.65042
-1.30165e-008 1.6471
-1.28165e-008 1.6471
-1.26165e-008 1.6471
-1.24165e-008 1.64378
-1.22165e-008 1.6471
-1.20165e-008 1.65042
-1.18165e-008 1.64378
-1.16165e-008 1.65042
-1.14165e-008 1.6471
-1.12165e-008 1.6471
-1.10165e-008 1.6471
-1.08165e-008 1.6471
-1.06165e-008 1.64378
-1.04165e-008 1.65042
-1.02165e-008 1.64378
-1.00165e-008 1.65042
-9.81648e-009 1.65042
-9.61648e-009 1.65042
-9.41648e-009 1.6471
-9.21648e-009 1.6471
-9.01648e-009 1.6471
-8.81648e-009 1.6471
-8.61648e-009 1.6471
-8.41648e-009 1.65042
-8.21648e-009 1.6471
-8.01648e-009 1.6471
-7.81648e-009 1.6471
-7.61648e-009 1.65042
-7.41648e-009 1.65042
-7.21648e-009 1.65042
-7.01648e-009 1.65374
-6.81648e-009 1.65042
-6.61648e-009 1.65374
-6.41648e-009 1.65374
-6.21648e-009 1.65706
-6.01648e-009 1.65374
-5.81648e-009 1.65374
-5.61648e-009 1.65706
-5.41648e-009 1.66371
-5.21648e-009 1.67035
-5.01648e-009 1.67035
-4.81648e-009 1.67035
-4.61648e-009 1.67035
-4.41648e-009 1.67367
-4.21648e-009 1.68031
-4.01648e-009 1.68031
-3.81648e-009 1.68695
-3.61648e-009 1.69027
-3.41648e-009 1.70024
-3.21648e-009 1.70356
-3.01648e-009 1.70688
-2.81648e-009 1.71352
-2.61648e-009 1.72016
-2.41648e-009 1.7268
-2.21648e-009 1.73677
-2.01648e-009 1.74009
-1.81648e-009 1.74673
-1.61648e-009 1.75337
-1.41648e-009 1.76333
-1.21648e-009 1.76998
-1.01648e-009 1.77662
-8.16483e-010 1.78326
-6.16483e-010 1.79322
-4.16483e-010 1.79987
-2.16483e-010 1.80983
-1.64832e-011 1.81979
1.83517e-010 1.82643
3.83517e-010 1.83307
5.83517e-010 1.84304
7.83517e-010 1.853
9.83517e-010 1.85964
1.18352e-009 1.86296
1.38352e-009 1.87293
1.58352e-009 1.88289
1.78352e-009 1.88289
1.98352e-009 1.89285
2.18352e-009 1.89617
2.38352e-009 1.90946
2.58352e-009 1.9161
2.78352e-009 1.92274
2.98352e-009 1.9327
3.18352e-009 1.93602
3.38352e-009 1.94267
3.58352e-009 1.94599
3.78352e-009 1.95263
3.98352e-009 1.95595
4.18352e-009 1.95927
4.38352e-009 1.96259
4.58352e-009 1.96923
4.78352e-009 1.96923
4.98352e-009 1.97255
5.18352e-009 1.97255
5.38352e-009 1.9792
5.58352e-009 1.9792
5.78352e-009 1.98584
5.98352e-009 1.98584
6.18352e-009 1.98916
6.38352e-009 1.9958
6.58352e-009 1.9958
6.78352e-009 1.9958
6.98352e-009 1.9958
7.18352e-009 1.9958
7.38352e-009 1.99912
7.58352e-009 1.99248
7.78352e-009 1.9958
7.98352e-009 1.99248
8.18352e-009 1.99248
8.38352e-009 1.9958
8.58352e-009 1.98584
8.78352e-009 1.98916
8.98352e-009 1.98584
9.18352e-009 1.98252
9.38352e-009 1.9792
9.58352e-009 1.97587
9.78352e-009 1.9792
9.98352e-009 1.97587
1.01835e-008 1.96923
1.03835e-008 1.96591
1.05835e-008 1.96591
1.07835e-008 1.95927
1.09835e-008 1.95927
1.11835e-008 1.95595
1.13835e-008 1.94931
1.15835e-008 1.94931
1.17835e-008 1.94599
1.19835e-008 1.94267
1.21835e-008 1.93934
1.23835e-008 1.93602
1.25835e-008 1.9327
1.27835e-008 1.92606
1.29835e-008 1.92274
1.31835e-008 1.9161
1.33835e-008 1.91278
1.35835e-008 1.90281
1.37835e-008 1.89949
1.39835e-008 1.89285
1.41835e-008 1.89285
1.43835e-008 1.89285
1.45835e-008 1.88289
1.47835e-008 1.87625
1.49835e-008 1.87293
1.51835e-008 1.8696
1.53835e-008 1.86628
1.55835e-008 1.86296
1.57835e-008 1.85964
1.59835e-008 1.85964
1.61835e-008 1.853
1.63835e-008 1.84636
1.65835e-008 1.84304
1.67835e-008 1.83972
1.69835e-008 1.83307
1.71835e-008 1.82975
1.73835e-008 1.82643
1.75835e-008 1.81979
1.77835e-008 1.81647
1.79835e-008 1.81315
1.81835e-008 1.80983
1.83835e-008 1.80651
1.85835e-008 1.80651
1.87835e-008 1.79987
1.89835e-008 1.79654
1.91835e-008 1.79322
1.93835e-008 1.78658
1.95835e-008 1.78326
1.97835e-008 1.77662
1.99835e-008 1.7733
2.01835e-008 1.76998
2.03835e-008 1.76998
2.05835e-008 1.76666
2.07835e-008 1.76333
2.09835e-008 1.75669
2.11835e-008 1.75005
2.13835e-008 1.75005
2.15835e-008 1.74341
2.17835e-008 1.74009
2.19835e-008 1.74009
2.21835e-008 1.73677
2.23835e-008 1.73345
2.25835e-008 1.7268
2.27835e-008 1.72348
2.29835e-008 1.72348
2.31835e-008 1.72348
2.33835e-008 1.71684
2.35835e-008 1.71684
2.37835e-008 1.71684
2.39835e-008 1.71352
2.41835e-008 1.7102
2.43835e-008 1.71352
2.45835e-008 1.70356
2.47835e-008 1.70356
2.49835e-008 1.70356
2.51835e-008 1.69692
2.53835e-008 1.69692
2.55835e-008 1.69027
2.57835e-008 1.69027
2.59835e-008 1.68695
2.61835e-008 1.68695
2.63835e-008 1.69027
2.65835e-008 1.68695
2.67835e-008 1.68695
2.69835e-008 1.68363
2.71835e-008 1.68031
2.73835e-008 1.67699
2.75835e-008 1.67367
2.77835e-008 1.67035
2.79835e-008 1.67035
2.81835e-008 1.66703
2.83835e-008 1.66371
2.85835e-008 1.66371
2.87835e-008 1.66371
2.89835e-008 1.66703
2.91835e-008 1.66371
2.93835e-008 1.65706
2.95835e-008 1.66703
2.97835e-008 1.66039
2.99835e-008 1.66039
3.01835e-008 1.65706
3.03835e-008 1.65374
3.05835e-008 1.65706
3.07835e-008 1.65706
3.09835e-008 1.65706
3.11835e-008 1.65706
3.13835e-008 1.65374
3.15835e-008 1.65374
3.17835e-008 1.65706
3.19835e-008 1.65374
3.21835e-008 1.65042
3.23835e-008 1.65042
3.25835e-008 1.6471
3.27835e-008 1.6471
3.29835e-008 1.64378
3.31835e-008 1.6471
3.33835e-008 1.64378
3.35835e-008 1.6471
3.37835e-008 1.64378
3.39835e-008 1.64378
3.41835e-008 1.64046
3.43835e-008 1.6471
3.45835e-008 1.64046
3.47835e-008 1.64378
3.49835e-008 1.64046
3.51835e-008 1.64046
3.53835e-008 1.63714
3.55835e-008 1.63714
3.57835e-008 1.63714
3.59835e-008 1.64046
3.61835e-008 1.63382
3.63835e-008 1.63382
3.65835e-008 1.63382
3.67835e-008 1.63714
3.69835e-008 1.63382
3.71835e-008 1.63714
3.73835e-008 1.63382
3.75835e-008 1.63382
3.77835e-008 1.63382
3.79835e-008 1.63382
3.81835e-008 1.63382
3.83835e-008 1.6305
3.85835e-008 1.6305
3.87835e-008 1.6305
3.89835e-008 1.62386
3.91835e-008 1.62718
3.93835e-008 1.62718
3.95835e-008 1.6305
3.97835e-008 1.6305
3.99835e-008 1.6305
4.01835e-008 1.6305
4.03835e-008 1.63382
4.05835e-008 1.63382
4.07835e-008 1.63382
4.09835e-008 1.6305
4.11835e-008 1.6305
4.13835e-008 1.63382
4.15835e-008 1.6305
4.17835e-008 1.62718
4.19835e-008 1.6305
4.21835e-008 1.63382
4.23835e-008 1.6305
4.25835e-008 1.62718
4.27835e-008 1.6305
4.29835e-008 1.62718
4.31835e-008 1.6305
4.33835e-008 1.6305
4.35835e-008 1.6305
4.37835e-008 1.6305
4.39835e-008 1.62718
4.41835e-008 1.62718
4.43835e-008 1.6305
4.45835e-008 1.62386
4.47835e-008 1.6305
4.49835e-008 1.62386
4.51835e-008 1.62718
4.53835e-008 1.62718
4.55835e-008 1.62718
4.57835e-008 1.62718
4.59835e-008 1.6305
4.61835e-008 1.6305
4.63835e-008 1.62718
4.65835e-008 1.6305
4.67835e-008 1.6305
4.69835e-008 1.62718
4.71835e-008 1.6305
4.73835e-008 1.62718
4.75835e-008 1.62718
4.77835e-008 1.62386
4.79835e-008 1.6305
4.81835e-008 1.6305
4.83835e-008 1.6305
4.85835e-008 1.62718
4.87835e-008 1.62386
4.89835e-008 1.62386
4.91835e-008 1.62718
4.93835e-008 1.62386
4.95835e-008 1.62718
4.97835e-008 1.62386
4.99835e-008 1.62718
5.01835e-008 1.62718
5.03835e-008 1.62718
5.05835e-008 1.62718
5.07835e-008 1.6305
5.09835e-008 1.62718
5.11835e-008 1.62718
5.13835e-008 1.62718
5.15835e-008 1.62718
5.17835e-008 1.62718
5.19835e-008 1.6305
5.21835e-008 1.6305
5.23835e-008 1.6305
5.25835e-008 1.62386
5.27835e-008 1.62386
5.29835e-008 1.62718
5.31835e-008 1.62718
5.33835e-008 1.62718
5.35835e-008 1.62718
5.37835e-008 1.62386
5.39835e-008 1.62718
5.41835e-008 1.62718
5.43835e-008 1.6305
5.45835e-008 1.6305
5.47835e-008 1.6305
5.49835e-008 1.6305
5.51835e-008 1.6305
5.53835e-008 1.6305
5.55835e-008 1.63382
5.57835e-008 1.6305
5.59835e-008 1.63382
5.61835e-008 1.62718
5.63835e-008 1.6305
5.65835e-008 1.62718
5.67835e-008 1.6305
5.69835e-008 1.63382
5.71835e-008 1.63714
5.73835e-008 1.6305
5.75835e-008 1.6305
5.77835e-008 1.6305
5.79835e-008 1.62718
5.81835e-008 1.6305
5.83835e-008 1.6305
5.85835e-008 1.62718
5.87835e-008 1.6305
5.89835e-008 1.63382
5.91835e-008 1.6305
5.93835e-008 1.6305
5.95835e-008 1.6305
5.97835e-008 1.6305
5.99835e-008 1.6305
6.01835e-008 1.63382
6.03835e-008 1.6305
6.05835e-008 1.62718
6.07835e-008 1.62718
6.09835e-008 1.62718
6.11835e-008 1.6305
6.13835e-008 1.6305
6.15835e-008 1.6305
6.17835e-008 1.6305
6.19835e-008 1.6305
6.21835e-008 1.6305
6.23835e-008 1.6305
6.25835e-008 1.6305
6.27835e-008 1.6305
6.29835e-008 1.62718
6.31835e-008 1.6305
6.33835e-008 1.6305
6.35835e-008 1.62718
6.37835e-008 1.6305
6.39835e-008 1.62386
6.41835e-008 1.62718
6.43835e-008 1.63382
6.45835e-008 1.6305
6.47835e-008 1.6305
6.49835e-008 1.63382
6.51835e-008 1.63382
6.53835e-008 1.63382
6.55835e-008 1.63382
6.57835e-008 1.6305
6.59835e-008 1.63382
6.61835e-008 1.6305
6.63835e-008 1.63382
6.65835e-008 1.6305
6.67835e-008 1.63382
6.69835e-008 1.63382
6.71835e-008 1.63382
6.73835e-008 1.6305
6.75835e-008 1.6305
6.77835e-008 1.6305
6.79835e-008 1.63382
6.81835e-008 1.6305
6.83835e-008 1.63382
6.85835e-008 1.63382
6.87835e-008 1.63382
6.89835e-008 1.6305
6.91835e-008 1.63382
6.93835e-008 1.62718
6.95835e-008 1.63382
6.97835e-008 1.63382
6.99835e-008 1.63382
7.01835e-008 1.6305
7.03835e-008 1.63714
7.05835e-008 1.63382
7.07835e-008 1.63714
7.09835e-008 1.6305
7.11835e-008 1.63714
7.13835e-008 1.63714
7.15835e-008 1.63714
7.17835e-008 1.63382
7.19835e-008 1.63714
7.21835e-008 1.64046
7.23835e-008 1.63382
7.25835e-008 1.6305
7.27835e-008 1.63714
7.29835e-008 1.63382
7.31835e-008 1.63714
7.33835e-008 1.63382
7.35835e-008 1.63714
7.37835e-008 1.63714
7.39835e-008 1.63714
7.41835e-008 1.63382
7.43835e-008 1.62718
7.45835e-008 1.63382
7.47835e-008 1.63714
7.49835e-008 1.63382
7.51835e-008 1.63382
7.53835e-008 1.63714
7.55835e-008 1.63714
7.57835e-008 1.64378
7.59835e-008 1.64046
7.61835e-008 1.63714
7.63835e-008 1.64046
7.65835e-008 1.64046
7.67835e-008 1.63714
7.69835e-008 1.63714
7.71835e-008 1.63714
7.73835e-008 1.63714
7.75835e-008 1.64046
7.77835e-008 1.63714
7.79835e-008 1.64046
7.81835e-008 1.64046
7.83835e-008 1.63714
7.85835e-008 1.63714
7.87835e-008 1.63714
7.89835e-008 1.63714
7.91835e-008 1.64046
7.93835e-008 1.63714
7.95835e-008 1.64046
7.97835e-008 1.63714
7.99835e-008 1.64046
8.01835e-008 1.64046
8.03835e-008 1.64378
8.05835e-008 1.63714
8.07835e-008 1.64046
8.09835e-008 1.64046
8.11835e-008 1.64046
8.13835e-008 1.63714
8.15835e-008 1.64046
8.17835e-008 1.64046
8.19835e-008 1.64046
8.21835e-008 1.63382
8.23835e-008 1.64046
8.25835e-008 1.63714
8.27835e-008 1.63714
8.29835e-008 1.63382
8.31835e-008 1.63714
8.33835e-008 1.63714
8.35835e-008 1.63714
8.37835e-008 1.63714
8.39835e-008 1.64046
8.41835e-008 1.63714
8.43835e-008 1.64378
8.45835e-008 1.63714
8.47835e-008 1.63714
8.49835e-008 1.63382
8.51835e-008 1.6305
8.53835e-008 1.6305
8.55835e-008 1.6305
8.57835e-008 1.63382
8.59835e-008 1.6305
8.61835e-008 1.63382
8.63835e-008 1.63714
8.65835e-008 1.63714
8.67835e-008 1.63714
8.69835e-008 1.63714
8.71835e-008 1.64046
8.73835e-008 1.63382
8.75835e-008 1.63714
8.77835e-008 1.63714
8.79835e-008 1.63382
8.81835e-008 1.6305
8.83835e-008 1.63382
8.85835e-008 1.63382
8.87835e-008 1.63382
8.89835e-008 1.6305
8.91835e-008 1.63382
8.93835e-008 1.6305
8.95835e-008 1.63382
8.97835e-008 1.6305
8.99835e-008 1.6305
9.01835e-008 1.6305
9.03835e-008 1.6305
9.05835e-008 1.6305
9.07835e-008 1.6305
9.09835e-008 1.6305
9.11835e-008 1.6305
9.13835e-008 1.6305
9.15835e-008 1.6305
9.17835e-008 1.6305
9.19835e-008 1.6305
9.21835e-008 1.6305
9.23835e-008 1.6305
9.25835e-008 1.6305
9.27835e-008 1.63382
9.29835e-008 1.63714
9.31835e-008 1.63714
9.33835e-008 1.63382
9.35835e-008 1.63382
9.37835e-008 1.63382
9.39835e-008 1.63382
9.41835e-008 1.6305
9.43835e-008 1.63382
9.45835e-008 1.6305
9.47835e-008 1.63714
9.49835e-008 1.6305
9.51835e-008 1.6305
9.53835e-008 1.6305
9.55835e-008 1.6305
9.57835e-008 1.62718
9.59835e-008 1.6305
9.61835e-008 1.62718
9.63835e-008 1.6305
9.65835e-008 1.62718
9.67835e-008 1.63382
9.69835e-008 1.63382
9.71835e-008 1.6305
9.73835e-008 1.63382
9.75835e-008 1.6305
9.77835e-008 1.6305
9.79835e-008 1.63382
9.81835e-008 1.63714
9.83835e-008 1.6305
9.85835e-008 1.63382
9.87835e-008 1.6305
9.89835e-008 1.6305
9.91835e-008 1.6305
9.93835e-008 1.6305
9.95835e-008 1.63382
9.97835e-008 1.6305
9.99835e-008 1.6305
1.00184e-007 1.63382
1.00384e-007 1.6305
1.00584e-007 1.6305
1.00784e-007 1.6305
1.00984e-007 1.6305
1.01184e-007 1.6305
1.01384e-007 1.62718
1.01584e-007 1.6305
1.01784e-007 1.63382
1.01984e-007 1.63382
1.02184e-007 1.63714
1.02384e-007 1.6305
1.02584e-007 1.63382
1.02784e-007 1.63382
1.02984e-007 1.63714
1.03184e-007 1.63382
1.03384e-007 1.63382
1.03584e-007 1.63382
1.03784e-007 1.63382
1.03984e-007 1.63714
1.04184e-007 1.63382
1.04384e-007 1.63714
1.04584e-007 1.63382
1.04784e-007 1.6305
1.04984e-007 1.63382
1.05184e-007 1.63382
1.05384e-007 1.6305
1.05584e-007 1.6305
1.05784e-007 1.6305
1.05984e-007 1.6305
1.06184e-007 1.6305
1.06384e-007 1.63382
1.06584e-007 1.63382
1.06784e-007 1.63382
1.06984e-007 1.6305
1.07184e-007 1.63714
1.07384e-007 1.63714
1.07584e-007 1.63714
1.07784e-007 1.63382
1.07984e-007 1.63382
1.08184e-007 1.63714
1.08384e-007 1.64046
1.08584e-007 1.63714
1.08784e-007 1.6305
1.08984e-007 1.63382
1.09184e-007 1.63714
1.09384e-007 1.63382
1.09584e-007 1.63382
1.09784e-007 1.63714
1.09984e-007 1.6305
1.10184e-007 1.6305
1.10384e-007 1.63382
1.10584e-007 1.63382
1.10784e-007 1.63382
1.10984e-007 1.6305
1.11184e-007 1.6305
1.11384e-007 1.63714
1.11584e-007 1.63714
1.11784e-007 1.64046
1.11984e-007 1.63714
1.12184e-007 1.64046
1.12384e-007 1.64046
1.12584e-007 1.63714
1.12784e-007 1.64046
1.12984e-007 1.63714
1.13184e-007 1.64046
1.13384e-007 1.63714
1.13584e-007 1.63714
1.13784e-007 1.63714
1.13984e-007 1.63714
1.14184e-007 1.63714
1.14384e-007 1.63714
1.14584e-007 1.63714
1.14784e-007 1.63714
1.14984e-007 1.63382
1.15184e-007 1.63382
1.15384e-007 1.63714
1.15584e-007 1.63714
1.15784e-007 1.63714
1.15984e-007 1.63714
1.16184e-007 1.63714
1.16384e-007 1.63714
1.16584e-007 1.63382
1.16784e-007 1.63714
1.16984e-007 1.63714
1.17184e-007 1.63714
1.17384e-007 1.63714
1.17584e-007 1.63714
1.17784e-007 1.63714
1.17984e-007 1.63382
1.18184e-007 1.63714
1.18384e-007 1.63382
1.18584e-007 1.63714
1.18784e-007 1.63714
1.18984e-007 1.63714
1.19184e-007 1.63714
1.19384e-007 1.63714
1.19584e-007 1.63714
1.19784e-007 1.64046
1.19984e-007 1.63714
1.20184e-007 1.63714
1.20384e-007 1.64046
1.20584e-007 1.63714
1.20784e-007 1.64046
1.20984e-007 1.64046
1.21184e-007 1.64046
1.21384e-007 1.64378
1.21584e-007 1.63714
1.21784e-007 1.63714
1.21984e-007 1.64378
1.22184e-007 1.63714
1.22384e-007 1.63714
1.22584e-007 1.64046
1.22784e-007 1.63714
1.22984e-007 1.63714
1.23184e-007 1.63714
1.23384e-007 1.63714
1.23584e-007 1.63714
1.23784e-007 1.63714
1.23984e-007 1.63714
1.24184e-007 1.63714
1.24384e-007 1.64046
1.24584e-007 1.63714
1.24784e-007 1.63714
1.24984e-007 1.64046
1.25184e-007 1.64046
1.25384e-007 1.63382
1.25584e-007 1.63714
1.25784e-007 1.63382
1.25984e-007 1.63714
1.26184e-007 1.63714
1.26384e-007 1.64046
1.26584e-007 1.63714
1.26784e-007 1.64046
1.26984e-007 1.63714
1.27184e-007 1.64046
1.27384e-007 1.63714
1.27584e-007 1.64378
1.27784e-007 1.64046
1.27984e-007 1.64046
1.28184e-007 1.63714
1.28384e-007 1.64046
1.28584e-007 1.63382
1.28784e-007 1.63382
1.28984e-007 1.63714
1.29184e-007 1.64046
1.29384e-007 1.63714
1.29584e-007 1.63714
1.29784e-007 1.63714
1.29984e-007 1.63714
1.30184e-007 1.64046
1.30384e-007 1.64046
1.30584e-007 1.64046
1.30784e-007 1.64046
1.30984e-007 1.63714
1.31184e-007 1.63714
1.31384e-007 1.63382
1.31584e-007 1.63714
1.31784e-007 1.63382
1.31984e-007 1.63714
1.32184e-007 1.63714
1.32384e-007 1.63714
1.32584e-007 1.63714
1.32784e-007 1.63714
1.32984e-007 1.63382
1.33184e-007 1.63382
1.33384e-007 1.63714
1.33584e-007 1.63714
1.33784e-007 1.6305
1.33984e-007 1.64046
1.34184e-007 1.63714
1.34384e-007 1.63714
1.34584e-007 1.63714
1.34784e-007 1.63382
1.34984e-007 1.63714
1.35184e-007 1.63714
1.35384e-007 1.63382
1.35584e-007 1.63382
1.35784e-007 1.63714
1.35984e-007 1.63714
1.36184e-007 1.63714
1.36384e-007 1.63382
1.36584e-007 1.6305
1.36784e-007 1.63714
1.36984e-007 1.63382
1.37184e-007 1.63714
1.37384e-007 1.63714
1.37584e-007 1.63714
1.37784e-007 1.63714
1.37984e-007 1.64046
1.38184e-007 1.63382
1.38384e-007 1.63714
1.38584e-007 1.6305
1.38784e-007 1.63382
1.38984e-007 1.6305
1.39184e-007 1.63714
1.39384e-007 1.63714
1.39584e-007 1.63714
1.39784e-007 1.63714
1.39984e-007 1.64046
1.40184e-007 1.63714
1.40384e-007 1.63714
1.40584e-007 1.63382
1.40784e-007 1.63714
1.40984e-007 1.63714
1.41184e-007 1.63382
1.41384e-007 1.63714
1.41584e-007 1.64046
1.41784e-007 1.63382
1.41984e-007 1.63714
1.42184e-007 1.63382
1.42384e-007 1.6305
1.42584e-007 1.6305
1.42784e-007 1.6305
1.42984e-007 1.6305
1.43184e-007 1.63714
1.43384e-007 1.63382
1.43584e-007 1.63714
1.43784e-007 1.63714
1.43984e-007 1.64046
1.44184e-007 1.63714
1.44384e-007 1.64378
1.44584e-007 1.63714
1.44784e-007 1.64378
1.44984e-007 1.64378
1.45184e-007 1.6471
1.45384e-007 1.64046
1.45584e-007 1.64378
1.45784e-007 1.63714
1.45984e-007 1.63714
1.46184e-007 1.63714
1.46384e-007 1.64046
1.46584e-007 1.63714
1.46784e-007 1.64046
1.46984e-007 1.63714
1.47184e-007 1.64046
1.47384e-007 1.63714
1.47584e-007 1.64046
1.47784e-007 1.63714
1.47984e-007 1.63714
1.48184e-007 1.63714
1.48384e-007 1.64046
1.48584e-007 1.64046
