LECROYWS44MXs-B 69584 Waveform
Segments 1 SegmentSize 1002
Segment TrigTime TimeSinceSegment1
#1 23-Jun-2015 22:01:53 0                 
Time Ampl
-5.16143e-008 1.65042
-5.14143e-008 1.65042
-5.12143e-008 1.6471
-5.10143e-008 1.6471
-5.08143e-008 1.6471
-5.06143e-008 1.6471
-5.04143e-008 1.6471
-5.02143e-008 1.6471
-5.00143e-008 1.6471
-4.98143e-008 1.65042
-4.96143e-008 1.65042
-4.94143e-008 1.65042
-4.92143e-008 1.64378
-4.90143e-008 1.65374
-4.88143e-008 1.65042
-4.86143e-008 1.65374
-4.84143e-008 1.65042
-4.82143e-008 1.65374
-4.80143e-008 1.65042
-4.78143e-008 1.65374
-4.76143e-008 1.65042
-4.74143e-008 1.65374
-4.72143e-008 1.65042
-4.70143e-008 1.65042
-4.68143e-008 1.6471
-4.66143e-008 1.65042
-4.64143e-008 1.65042
-4.62143e-008 1.65042
-4.60143e-008 1.65042
-4.58143e-008 1.6471
-4.56143e-008 1.64378
-4.54143e-008 1.6471
-4.52143e-008 1.64378
-4.50143e-008 1.6471
-4.48143e-008 1.6471
-4.46143e-008 1.6471
-4.44143e-008 1.6471
-4.42143e-008 1.65042
-4.40143e-008 1.6471
-4.38143e-008 1.65374
-4.36143e-008 1.65042
-4.34143e-008 1.65042
-4.32143e-008 1.65042
-4.30143e-008 1.65374
-4.28143e-008 1.65042
-4.26143e-008 1.65374
-4.24143e-008 1.65042
-4.22143e-008 1.65042
-4.20143e-008 1.6471
-4.18143e-008 1.6471
-4.16143e-008 1.6471
-4.14143e-008 1.6471
-4.12143e-008 1.6471
-4.10143e-008 1.6471
-4.08143e-008 1.6471
-4.06143e-008 1.6471
-4.04143e-008 1.6471
-4.02143e-008 1.65042
-4.00143e-008 1.6471
-3.98143e-008 1.65042
-3.96143e-008 1.6471
-3.94143e-008 1.6471
-3.92143e-008 1.65042
-3.90143e-008 1.6471
-3.88143e-008 1.6471
-3.86143e-008 1.6471
-3.84143e-008 1.65042
-3.82143e-008 1.65042
-3.80143e-008 1.65042
-3.78143e-008 1.65042
-3.76143e-008 1.6471
-3.74143e-008 1.6471
-3.72143e-008 1.64378
-3.70143e-008 1.65042
-3.68143e-008 1.6471
-3.66143e-008 1.65042
-3.64143e-008 1.6471
-3.62143e-008 1.6471
-3.60143e-008 1.64378
-3.58143e-008 1.6471
-3.56143e-008 1.64378
-3.54143e-008 1.6471
-3.52143e-008 1.64378
-3.50143e-008 1.6471
-3.48143e-008 1.6471
-3.46143e-008 1.65374
-3.44143e-008 1.6471
-3.42143e-008 1.65042
-3.40143e-008 1.64378
-3.38143e-008 1.65042
-3.36143e-008 1.65042
-3.34143e-008 1.65042
-3.32143e-008 1.6471
-3.30143e-008 1.65042
-3.28143e-008 1.6471
-3.26143e-008 1.65042
-3.24143e-008 1.6471
-3.22143e-008 1.65042
-3.20143e-008 1.65042
-3.18143e-008 1.65374
-3.16143e-008 1.65042
-3.14143e-008 1.6471
-3.12143e-008 1.6471
-3.10143e-008 1.6471
-3.08143e-008 1.65042
-3.06143e-008 1.6471
-3.04143e-008 1.6471
-3.02143e-008 1.6471
-3.00143e-008 1.64378
-2.98143e-008 1.6471
-2.96143e-008 1.65042
-2.94143e-008 1.6471
-2.92143e-008 1.65042
-2.90143e-008 1.65042
-2.88143e-008 1.6471
-2.86143e-008 1.65374
-2.84143e-008 1.6471
-2.82143e-008 1.6471
-2.80143e-008 1.64046
-2.78143e-008 1.6471
-2.76143e-008 1.64046
-2.74143e-008 1.64378
-2.72143e-008 1.64378
-2.70143e-008 1.6471
-2.68143e-008 1.6471
-2.66143e-008 1.65042
-2.64143e-008 1.6471
-2.62143e-008 1.65706
-2.60143e-008 1.65042
-2.58143e-008 1.65042
-2.56143e-008 1.65042
-2.54143e-008 1.65374
-2.52143e-008 1.65374
-2.50143e-008 1.65042
-2.48143e-008 1.65042
-2.46143e-008 1.65042
-2.44143e-008 1.64378
-2.42143e-008 1.6471
-2.40143e-008 1.64378
-2.38143e-008 1.65042
-2.36143e-008 1.6471
-2.34143e-008 1.65042
-2.32143e-008 1.65042
-2.30143e-008 1.6471
-2.28143e-008 1.6471
-2.26143e-008 1.65042
-2.24143e-008 1.65042
-2.22143e-008 1.65042
-2.20143e-008 1.65042
-2.18143e-008 1.65042
-2.16143e-008 1.64378
-2.14143e-008 1.65042
-2.12143e-008 1.64378
-2.10143e-008 1.6471
-2.08143e-008 1.64378
-2.06143e-008 1.65042
-2.04143e-008 1.6471
-2.02143e-008 1.65042
-2.00143e-008 1.65042
-1.98143e-008 1.6471
-1.96143e-008 1.6471
-1.94143e-008 1.6471
-1.92143e-008 1.6471
-1.90143e-008 1.65042
-1.88143e-008 1.6471
-1.86143e-008 1.6471
-1.84143e-008 1.6471
-1.82143e-008 1.6471
-1.80143e-008 1.64378
-1.78143e-008 1.6471
-1.76143e-008 1.6471
-1.74143e-008 1.6471
-1.72143e-008 1.65042
-1.70143e-008 1.6471
-1.68143e-008 1.65042
-1.66143e-008 1.65042
-1.64143e-008 1.65042
-1.62143e-008 1.65042
-1.60143e-008 1.64378
-1.58143e-008 1.65042
-1.56143e-008 1.6471
-1.54143e-008 1.6471
-1.52143e-008 1.6471
-1.50143e-008 1.65042
-1.48143e-008 1.65042
-1.46143e-008 1.65042
-1.44143e-008 1.65042
-1.42143e-008 1.65042
-1.40143e-008 1.65042
-1.38143e-008 1.6471
-1.36143e-008 1.65042
-1.34143e-008 1.65042
-1.32143e-008 1.64378
-1.30143e-008 1.65042
-1.28143e-008 1.64378
-1.26143e-008 1.65042
-1.24143e-008 1.64378
-1.22143e-008 1.65042
-1.20143e-008 1.64378
-1.18143e-008 1.65374
-1.16143e-008 1.6471
-1.14143e-008 1.65042
-1.12143e-008 1.65042
-1.10143e-008 1.6471
-1.08143e-008 1.65042
-1.06143e-008 1.65374
-1.04143e-008 1.65042
-1.02143e-008 1.6471
-1.00143e-008 1.65042
-9.81431e-009 1.65042
-9.61431e-009 1.65042
-9.41431e-009 1.65042
-9.21431e-009 1.6471
-9.01431e-009 1.65042
-8.81431e-009 1.6471
-8.61431e-009 1.6471
-8.41431e-009 1.64378
-8.21431e-009 1.65042
-8.01431e-009 1.64378
-7.81431e-009 1.65042
-7.61431e-009 1.65042
-7.41431e-009 1.65042
-7.21431e-009 1.65042
-7.01431e-009 1.65374
-6.81431e-009 1.65042
-6.61431e-009 1.65706
-6.41431e-009 1.65706
-6.21431e-009 1.65706
-6.01431e-009 1.65706
-5.81431e-009 1.66039
-5.61431e-009 1.66371
-5.41431e-009 1.66371
-5.21431e-009 1.67035
-5.01431e-009 1.66703
-4.81431e-009 1.67699
-4.61431e-009 1.67367
-4.41431e-009 1.67699
-4.21431e-009 1.68031
-4.01431e-009 1.68363
-3.81431e-009 1.68695
-3.61431e-009 1.6936
-3.41431e-009 1.69692
-3.21431e-009 1.70356
-3.01431e-009 1.71684
-2.81431e-009 1.72348
-2.61431e-009 1.7268
-2.41431e-009 1.73677
-2.21431e-009 1.74341
-2.01431e-009 1.74673
-1.81431e-009 1.76001
-1.61431e-009 1.76001
-1.41431e-009 1.76998
-1.21431e-009 1.7733
-1.01431e-009 1.78326
-8.14314e-010 1.78658
-6.14314e-010 1.79322
-4.14314e-010 1.80319
-2.14314e-010 1.80983
-1.4314e-011 1.81979
1.85686e-010 1.82643
3.85686e-010 1.8364
5.85686e-010 1.84304
7.85686e-010 1.853
9.85686e-010 1.85964
1.18569e-009 1.86628
1.38569e-009 1.8696
1.58569e-009 1.87957
1.78569e-009 1.88621
1.98569e-009 1.88953
2.18569e-009 1.89949
2.38569e-009 1.90613
2.58569e-009 1.9161
2.78569e-009 1.91942
2.98569e-009 1.92274
3.18569e-009 1.9327
3.38569e-009 1.93602
3.58569e-009 1.94599
3.78569e-009 1.94599
3.98569e-009 1.95263
4.18569e-009 1.95263
4.38569e-009 1.95595
4.58569e-009 1.95595
4.78569e-009 1.96259
4.98569e-009 1.96923
5.18569e-009 1.96591
5.38569e-009 1.96923
5.58569e-009 1.97255
5.78569e-009 1.97255
5.98569e-009 1.97255
6.18569e-009 1.97587
6.38569e-009 1.9792
6.58569e-009 1.9792
6.78569e-009 1.98252
6.98569e-009 1.97255
7.18569e-009 1.9792
7.38569e-009 1.97587
7.58569e-009 1.97587
7.78569e-009 1.97587
7.98569e-009 1.9792
8.18569e-009 1.97587
8.38569e-009 1.97587
8.58569e-009 1.97587
8.78569e-009 1.97255
8.98569e-009 1.96591
9.18569e-009 1.96591
9.38569e-009 1.96591
9.58569e-009 1.95927
9.78569e-009 1.95927
9.98569e-009 1.95595
1.01857e-008 1.95595
1.03857e-008 1.94931
1.05857e-008 1.94599
1.07857e-008 1.94931
1.09857e-008 1.94267
1.11857e-008 1.93602
1.13857e-008 1.93602
1.15857e-008 1.93934
1.17857e-008 1.93602
1.19857e-008 1.9327
1.21857e-008 1.92606
1.23857e-008 1.92274
1.25857e-008 1.9161
1.27857e-008 1.91278
1.29857e-008 1.90946
1.31857e-008 1.90281
1.33857e-008 1.89949
1.35857e-008 1.89285
1.37857e-008 1.88953
1.39857e-008 1.88621
1.41857e-008 1.87957
1.43857e-008 1.88289
1.45857e-008 1.87625
1.47857e-008 1.87625
1.49857e-008 1.87293
1.51857e-008 1.86628
1.53857e-008 1.86628
1.55857e-008 1.85632
1.57857e-008 1.85632
1.59857e-008 1.84968
1.61857e-008 1.84636
1.63857e-008 1.83972
1.65857e-008 1.83307
1.67857e-008 1.83307
1.69857e-008 1.82975
1.71857e-008 1.82643
1.73857e-008 1.82311
1.75857e-008 1.81647
1.77857e-008 1.81315
1.79857e-008 1.80983
1.81857e-008 1.80983
1.83857e-008 1.80651
1.85857e-008 1.80319
1.87857e-008 1.79654
1.89857e-008 1.79654
1.91857e-008 1.79322
1.93857e-008 1.78658
1.95857e-008 1.78326
1.97857e-008 1.77994
1.99857e-008 1.77662
2.01857e-008 1.7733
2.03857e-008 1.7733
2.05857e-008 1.76666
2.07857e-008 1.76333
2.09857e-008 1.76333
2.11857e-008 1.75669
2.13857e-008 1.75669
2.15857e-008 1.75337
2.17857e-008 1.74673
2.19857e-008 1.74673
2.21857e-008 1.74341
2.23857e-008 1.73677
2.25857e-008 1.74009
2.27857e-008 1.73013
2.29857e-008 1.73013
2.31857e-008 1.73013
2.33857e-008 1.73013
2.35857e-008 1.7268
2.37857e-008 1.72348
2.39857e-008 1.72016
2.41857e-008 1.71684
2.43857e-008 1.71352
2.45857e-008 1.71352
2.47857e-008 1.71352
2.49857e-008 1.7102
2.51857e-008 1.70688
2.53857e-008 1.70356
2.55857e-008 1.70356
2.57857e-008 1.70356
2.59857e-008 1.69692
2.61857e-008 1.6936
2.63857e-008 1.69692
2.65857e-008 1.6936
2.67857e-008 1.6936
2.69857e-008 1.69027
2.71857e-008 1.69027
2.73857e-008 1.68363
2.75857e-008 1.68363
2.77857e-008 1.67699
2.79857e-008 1.67699
2.81857e-008 1.67699
2.83857e-008 1.67699
2.85857e-008 1.67367
2.87857e-008 1.67035
2.89857e-008 1.67699
2.91857e-008 1.67367
2.93857e-008 1.67367
2.95857e-008 1.67367
2.97857e-008 1.67035
2.99857e-008 1.67035
3.01857e-008 1.67035
3.03857e-008 1.66371
3.05857e-008 1.66371
3.07857e-008 1.66371
3.09857e-008 1.66039
3.11857e-008 1.66371
3.13857e-008 1.66039
3.15857e-008 1.66039
3.17857e-008 1.66371
3.19857e-008 1.65706
3.21857e-008 1.65706
3.23857e-008 1.65706
3.25857e-008 1.66039
3.27857e-008 1.65706
3.29857e-008 1.65706
3.31857e-008 1.65706
3.33857e-008 1.65374
3.35857e-008 1.65374
3.37857e-008 1.65374
3.39857e-008 1.6471
3.41857e-008 1.65042
3.43857e-008 1.65042
3.45857e-008 1.65374
3.47857e-008 1.64378
3.49857e-008 1.6471
3.51857e-008 1.6471
3.53857e-008 1.65042
3.55857e-008 1.65042
3.57857e-008 1.65042
3.59857e-008 1.6471
3.61857e-008 1.64378
3.63857e-008 1.64378
3.65857e-008 1.64378
3.67857e-008 1.64378
3.69857e-008 1.64378
3.71857e-008 1.64046
3.73857e-008 1.6471
3.75857e-008 1.64378
3.77857e-008 1.6471
3.79857e-008 1.64378
3.81857e-008 1.64378
3.83857e-008 1.64378
3.85857e-008 1.64378
3.87857e-008 1.64378
3.89857e-008 1.64378
3.91857e-008 1.64046
3.93857e-008 1.64046
3.95857e-008 1.63714
3.97857e-008 1.63714
3.99857e-008 1.63382
4.01857e-008 1.63714
4.03857e-008 1.63714
4.05857e-008 1.63714
4.07857e-008 1.63382
4.09857e-008 1.63714
4.11857e-008 1.63714
4.13857e-008 1.63714
4.15857e-008 1.63714
4.17857e-008 1.64378
4.19857e-008 1.63714
4.21857e-008 1.64378
4.23857e-008 1.63382
4.25857e-008 1.63714
4.27857e-008 1.63382
4.29857e-008 1.63382
4.31857e-008 1.63382
4.33857e-008 1.63714
4.35857e-008 1.63714
4.37857e-008 1.63714
4.39857e-008 1.63382
4.41857e-008 1.63382
4.43857e-008 1.6305
4.45857e-008 1.6305
4.47857e-008 1.63382
4.49857e-008 1.6305
4.51857e-008 1.63714
4.53857e-008 1.63382
4.55857e-008 1.63382
4.57857e-008 1.63714
4.59857e-008 1.63714
4.61857e-008 1.63714
4.63857e-008 1.63714
4.65857e-008 1.63714
4.67857e-008 1.63714
4.69857e-008 1.63714
4.71857e-008 1.63382
4.73857e-008 1.63714
4.75857e-008 1.63382
4.77857e-008 1.63714
4.79857e-008 1.6305
4.81857e-008 1.64046
4.83857e-008 1.63382
4.85857e-008 1.63382
4.87857e-008 1.63382
4.89857e-008 1.63382
4.91857e-008 1.6305
4.93857e-008 1.63382
4.95857e-008 1.63382
4.97857e-008 1.63382
4.99857e-008 1.63382
5.01857e-008 1.6305
5.03857e-008 1.63382
5.05857e-008 1.63714
5.07857e-008 1.6305
5.09857e-008 1.64046
5.11857e-008 1.63382
5.13857e-008 1.63714
5.15857e-008 1.64046
5.17857e-008 1.63714
5.19857e-008 1.63714
5.21857e-008 1.63714
5.23857e-008 1.63382
5.25857e-008 1.63714
5.27857e-008 1.63382
5.29857e-008 1.63382
5.31857e-008 1.63382
5.33857e-008 1.63382
5.35857e-008 1.63382
5.37857e-008 1.63382
5.39857e-008 1.63382
5.41857e-008 1.63382
5.43857e-008 1.63382
5.45857e-008 1.63714
5.47857e-008 1.6305
5.49857e-008 1.63714
5.51857e-008 1.6305
5.53857e-008 1.63382
5.55857e-008 1.63382
5.57857e-008 1.63714
5.59857e-008 1.63714
5.61857e-008 1.63714
5.63857e-008 1.63382
5.65857e-008 1.63714
5.67857e-008 1.63382
5.69857e-008 1.63382
5.71857e-008 1.63382
5.73857e-008 1.6305
5.75857e-008 1.6305
5.77857e-008 1.6305
5.79857e-008 1.6305
5.81857e-008 1.63714
5.83857e-008 1.6305
5.85857e-008 1.6305
5.87857e-008 1.6305
5.89857e-008 1.6305
5.91857e-008 1.63382
5.93857e-008 1.63382
5.95857e-008 1.6305
5.97857e-008 1.63714
5.99857e-008 1.63382
6.01857e-008 1.63714
6.03857e-008 1.63382
6.05857e-008 1.6305
6.07857e-008 1.63382
6.09857e-008 1.63382
6.11857e-008 1.6305
6.13857e-008 1.63714
6.15857e-008 1.63382
6.17857e-008 1.63714
6.19857e-008 1.6305
6.21857e-008 1.63382
6.23857e-008 1.63382
6.25857e-008 1.63714
6.27857e-008 1.63714
6.29857e-008 1.63382
6.31857e-008 1.63714
6.33857e-008 1.63382
6.35857e-008 1.63382
6.37857e-008 1.63714
6.39857e-008 1.6305
6.41857e-008 1.63714
6.43857e-008 1.63382
6.45857e-008 1.63382
6.47857e-008 1.63382
6.49857e-008 1.63382
6.51857e-008 1.63382
6.53857e-008 1.63382
6.55857e-008 1.63714
6.57857e-008 1.63714
6.59857e-008 1.63382
6.61857e-008 1.63382
6.63857e-008 1.6305
6.65857e-008 1.63382
6.67857e-008 1.63382
6.69857e-008 1.64046
6.71857e-008 1.63382
6.73857e-008 1.63714
6.75857e-008 1.64046
6.77857e-008 1.63714
6.79857e-008 1.63714
6.81857e-008 1.64046
6.83857e-008 1.63382
6.85857e-008 1.64046
6.87857e-008 1.63714
6.89857e-008 1.63382
6.91857e-008 1.63714
6.93857e-008 1.6305
6.95857e-008 1.63714
6.97857e-008 1.63382
6.99857e-008 1.63714
7.01857e-008 1.6305
7.03857e-008 1.63714
7.05857e-008 1.64378
7.07857e-008 1.63714
7.09857e-008 1.64046
7.11857e-008 1.63714
7.13857e-008 1.63714
7.15857e-008 1.63714
7.17857e-008 1.64046
7.19857e-008 1.63714
7.21857e-008 1.63714
7.23857e-008 1.63714
7.25857e-008 1.63714
7.27857e-008 1.63714
7.29857e-008 1.63714
7.31857e-008 1.63714
7.33857e-008 1.63714
7.35857e-008 1.64046
7.37857e-008 1.63714
7.39857e-008 1.64046
7.41857e-008 1.63714
7.43857e-008 1.64046
7.45857e-008 1.64046
7.47857e-008 1.64046
7.49857e-008 1.64378
7.51857e-008 1.64046
7.53857e-008 1.64046
7.55857e-008 1.64046
7.57857e-008 1.64046
7.59857e-008 1.64046
7.61857e-008 1.64378
7.63857e-008 1.64046
7.65857e-008 1.64046
7.67857e-008 1.63714
7.69857e-008 1.63714
7.71857e-008 1.64046
7.73857e-008 1.63714
7.75857e-008 1.64046
7.77857e-008 1.64046
7.79857e-008 1.63714
7.81857e-008 1.64378
7.83857e-008 1.64046
7.85857e-008 1.64046
7.87857e-008 1.63714
7.89857e-008 1.64378
7.91857e-008 1.64046
7.93857e-008 1.64046
7.95857e-008 1.64378
7.97857e-008 1.64378
7.99857e-008 1.64378
8.01857e-008 1.64046
8.03857e-008 1.64378
8.05857e-008 1.64046
8.07857e-008 1.64378
8.09857e-008 1.64378
8.11857e-008 1.64046
8.13857e-008 1.64378
8.15857e-008 1.64046
8.17857e-008 1.6471
8.19857e-008 1.64046
8.21857e-008 1.6471
8.23857e-008 1.64378
8.25857e-008 1.64378
8.27857e-008 1.64046
8.29857e-008 1.64378
8.31857e-008 1.64046
8.33857e-008 1.64378
8.35857e-008 1.64046
8.37857e-008 1.64046
8.39857e-008 1.63714
8.41857e-008 1.64046
8.43857e-008 1.63714
8.45857e-008 1.64046
8.47857e-008 1.63714
8.49857e-008 1.63714
8.51857e-008 1.64046
8.53857e-008 1.64046
8.55857e-008 1.64046
8.57857e-008 1.64046
8.59857e-008 1.64046
8.61857e-008 1.63382
8.63857e-008 1.63714
8.65857e-008 1.6305
8.67857e-008 1.63382
8.69857e-008 1.63714
8.71857e-008 1.63382
8.73857e-008 1.6305
8.75857e-008 1.6305
8.77857e-008 1.63382
8.79857e-008 1.63714
8.81857e-008 1.63714
8.83857e-008 1.63714
8.85857e-008 1.63714
8.87857e-008 1.63714
8.89857e-008 1.63382
8.91857e-008 1.63714
8.93857e-008 1.63714
8.95857e-008 1.63714
8.97857e-008 1.63714
8.99857e-008 1.63714
9.01857e-008 1.63382
9.03857e-008 1.6305
9.05857e-008 1.63382
9.07857e-008 1.63382
9.09857e-008 1.63382
9.11857e-008 1.63382
9.13857e-008 1.62718
9.15857e-008 1.6305
9.17857e-008 1.63714
9.19857e-008 1.6305
9.21857e-008 1.63382
9.23857e-008 1.63714
9.25857e-008 1.63382
9.27857e-008 1.63382
9.29857e-008 1.63714
9.31857e-008 1.63382
9.33857e-008 1.63382
9.35857e-008 1.63714
9.37857e-008 1.63382
9.39857e-008 1.63382
9.41857e-008 1.63714
9.43857e-008 1.63382
9.45857e-008 1.63382
9.47857e-008 1.6305
9.49857e-008 1.6305
9.51857e-008 1.6305
9.53857e-008 1.6305
9.55857e-008 1.6305
9.57857e-008 1.63382
9.59857e-008 1.63382
9.61857e-008 1.63714
9.63857e-008 1.63382
9.65857e-008 1.63714
9.67857e-008 1.63382
9.69857e-008 1.63714
9.71857e-008 1.63382
9.73857e-008 1.63714
9.75857e-008 1.63382
9.77857e-008 1.63714
9.79857e-008 1.63714
9.81857e-008 1.63382
9.83857e-008 1.63382
9.85857e-008 1.63714
9.87857e-008 1.63714
9.89857e-008 1.63714
9.91857e-008 1.63382
9.93857e-008 1.63382
9.95857e-008 1.63382
9.97857e-008 1.63382
9.99857e-008 1.6305
1.00186e-007 1.63714
1.00386e-007 1.63382
1.00586e-007 1.63382
1.00786e-007 1.6305
1.00986e-007 1.63714
1.01186e-007 1.63382
1.01386e-007 1.63714
1.01586e-007 1.63714
1.01786e-007 1.63382
1.01986e-007 1.63714
1.02186e-007 1.63714
1.02386e-007 1.63382
1.02586e-007 1.63382
1.02786e-007 1.63714
1.02986e-007 1.63714
1.03186e-007 1.63382
1.03386e-007 1.63382
1.03586e-007 1.63382
1.03786e-007 1.63714
1.03986e-007 1.63714
1.04186e-007 1.63714
1.04386e-007 1.63382
1.04586e-007 1.6305
1.04786e-007 1.63382
1.04986e-007 1.63382
1.05186e-007 1.6305
1.05386e-007 1.63382
1.05586e-007 1.63382
1.05786e-007 1.63714
1.05986e-007 1.63714
1.06186e-007 1.63714
1.06386e-007 1.63714
1.06586e-007 1.63714
1.06786e-007 1.63382
1.06986e-007 1.6305
1.07186e-007 1.63382
1.07386e-007 1.63714
1.07586e-007 1.63714
1.07786e-007 1.63382
1.07986e-007 1.63714
1.08186e-007 1.63382
1.08386e-007 1.63714
1.08586e-007 1.63714
1.08786e-007 1.64046
1.08986e-007 1.63714
1.09186e-007 1.63714
1.09386e-007 1.63382
1.09586e-007 1.63714
1.09786e-007 1.63714
1.09986e-007 1.63714
1.10186e-007 1.63714
1.10386e-007 1.63714
1.10586e-007 1.64046
1.10786e-007 1.63714
1.10986e-007 1.63714
1.11186e-007 1.63382
1.11386e-007 1.63714
1.11586e-007 1.63714
1.11786e-007 1.63714
1.11986e-007 1.64046
1.12186e-007 1.64046
1.12386e-007 1.64378
1.12586e-007 1.63714
1.12786e-007 1.63714
1.12986e-007 1.63714
1.13186e-007 1.63714
1.13386e-007 1.63382
1.13586e-007 1.6305
1.13786e-007 1.63714
1.13986e-007 1.6305
1.14186e-007 1.63382
1.14386e-007 1.63382
1.14586e-007 1.64046
1.14786e-007 1.63714
1.14986e-007 1.63714
1.15186e-007 1.63382
1.15386e-007 1.64046
1.15586e-007 1.64046
1.15786e-007 1.64046
1.15986e-007 1.63714
1.16186e-007 1.64046
1.16386e-007 1.64046
1.16586e-007 1.64046
1.16786e-007 1.63714
1.16986e-007 1.63714
1.17186e-007 1.6305
1.17386e-007 1.63714
1.17586e-007 1.63714
1.17786e-007 1.63382
1.17986e-007 1.63382
1.18186e-007 1.64046
1.18386e-007 1.6305
1.18586e-007 1.64046
1.18786e-007 1.63382
1.18986e-007 1.63714
1.19186e-007 1.63714
1.19386e-007 1.63714
1.19586e-007 1.64378
1.19786e-007 1.64378
1.19986e-007 1.64378
1.20186e-007 1.64046
1.20386e-007 1.64046
1.20586e-007 1.64046
1.20786e-007 1.63714
1.20986e-007 1.64046
1.21186e-007 1.63714
1.21386e-007 1.64046
1.21586e-007 1.63714
1.21786e-007 1.64046
1.21986e-007 1.63714
1.22186e-007 1.64046
1.22386e-007 1.64046
1.22586e-007 1.63714
1.22786e-007 1.64046
1.22986e-007 1.63714
1.23186e-007 1.64046
1.23386e-007 1.63714
1.23586e-007 1.63714
1.23786e-007 1.63714
1.23986e-007 1.63714
1.24186e-007 1.63382
1.24386e-007 1.63714
1.24586e-007 1.64046
1.24786e-007 1.63714
1.24986e-007 1.64046
1.25186e-007 1.63714
1.25386e-007 1.64378
1.25586e-007 1.64046
1.25786e-007 1.63714
1.25986e-007 1.63714
1.26186e-007 1.64046
1.26386e-007 1.63714
1.26586e-007 1.64046
1.26786e-007 1.63714
1.26986e-007 1.63714
1.27186e-007 1.63714
1.27386e-007 1.63714
1.27586e-007 1.63382
1.27786e-007 1.63714
1.27986e-007 1.63382
1.28186e-007 1.6471
1.28386e-007 1.63714
1.28586e-007 1.64378
1.28786e-007 1.64378
1.28986e-007 1.64046
1.29186e-007 1.63714
1.29386e-007 1.64046
1.29586e-007 1.64378
1.29786e-007 1.64046
1.29986e-007 1.64378
1.30186e-007 1.64378
1.30386e-007 1.64378
1.30586e-007 1.64046
1.30786e-007 1.63714
1.30986e-007 1.64046
1.31186e-007 1.63714
1.31386e-007 1.64046
1.31586e-007 1.63714
1.31786e-007 1.64378
1.31986e-007 1.63714
1.32186e-007 1.64046
1.32386e-007 1.64046
1.32586e-007 1.64046
1.32786e-007 1.64046
1.32986e-007 1.64378
1.33186e-007 1.64046
1.33386e-007 1.64046
1.33586e-007 1.63382
1.33786e-007 1.64046
1.33986e-007 1.64378
1.34186e-007 1.64046
1.34386e-007 1.63714
1.34586e-007 1.64046
1.34786e-007 1.64046
1.34986e-007 1.63714
1.35186e-007 1.63382
1.35386e-007 1.63382
1.35586e-007 1.63382
1.35786e-007 1.64046
1.35986e-007 1.63714
1.36186e-007 1.64046
1.36386e-007 1.63714
1.36586e-007 1.64046
1.36786e-007 1.64046
1.36986e-007 1.63714
1.37186e-007 1.64046
1.37386e-007 1.64378
1.37586e-007 1.64378
1.37786e-007 1.64378
1.37986e-007 1.64046
1.38186e-007 1.64046
1.38386e-007 1.63382
1.38586e-007 1.64046
1.38786e-007 1.63714
1.38986e-007 1.63714
1.39186e-007 1.63714
1.39386e-007 1.64046
1.39586e-007 1.64046
1.39786e-007 1.64046
1.39986e-007 1.64046
1.40186e-007 1.64046
1.40386e-007 1.64046
1.40586e-007 1.63714
1.40786e-007 1.64046
1.40986e-007 1.64046
1.41186e-007 1.64046
1.41386e-007 1.63714
1.41586e-007 1.63714
1.41786e-007 1.64046
1.41986e-007 1.63714
1.42186e-007 1.64046
1.42386e-007 1.64046
1.42586e-007 1.64378
1.42786e-007 1.64046
1.42986e-007 1.64046
1.43186e-007 1.64046
1.43386e-007 1.64378
1.43586e-007 1.64046
1.43786e-007 1.64046
1.43986e-007 1.63714
1.44186e-007 1.63714
1.44386e-007 1.64046
1.44586e-007 1.64378
1.44786e-007 1.64046
1.44986e-007 1.64046
1.45186e-007 1.64046
1.45386e-007 1.64046
1.45586e-007 1.63714
1.45786e-007 1.64046
1.45986e-007 1.64046
1.46186e-007 1.64046
1.46386e-007 1.64046
1.46586e-007 1.64046
1.46786e-007 1.64046
1.46986e-007 1.64046
1.47186e-007 1.63714
1.47386e-007 1.63714
1.47586e-007 1.64046
1.47786e-007 1.63714
1.47986e-007 1.64046
1.48186e-007 1.64046
1.48386e-007 1.64378
1.48586e-007 1.64046
