LECROYWS44MXs-B 69584 Waveform
Segments 1 SegmentSize 1002
Segment TrigTime TimeSinceSegment1
#1 23-Jun-2015 22:12:00 0                 
Time Ampl
-5.16354e-008 1.64378
-5.14354e-008 1.6471
-5.12354e-008 1.64378
-5.10354e-008 1.6471
-5.08354e-008 1.64378
-5.06354e-008 1.65042
-5.04354e-008 1.64378
-5.02354e-008 1.65042
-5.00354e-008 1.65042
-4.98354e-008 1.65042
-4.96354e-008 1.65042
-4.94354e-008 1.6471
-4.92354e-008 1.65042
-4.90354e-008 1.65042
-4.88354e-008 1.6471
-4.86354e-008 1.65042
-4.84354e-008 1.6471
-4.82354e-008 1.6471
-4.80354e-008 1.64378
-4.78354e-008 1.6471
-4.76354e-008 1.65042
-4.74354e-008 1.65042
-4.72354e-008 1.6471
-4.70354e-008 1.65042
-4.68354e-008 1.64378
-4.66354e-008 1.6471
-4.64354e-008 1.64378
-4.62354e-008 1.65042
-4.60354e-008 1.6471
-4.58354e-008 1.65042
-4.56354e-008 1.65042
-4.54354e-008 1.65042
-4.52354e-008 1.6471
-4.50354e-008 1.65374
-4.48354e-008 1.65042
-4.46354e-008 1.65042
-4.44354e-008 1.65042
-4.42354e-008 1.65374
-4.40354e-008 1.65042
-4.38354e-008 1.65042
-4.36354e-008 1.65042
-4.34354e-008 1.65042
-4.32354e-008 1.64378
-4.30354e-008 1.64378
-4.28354e-008 1.6471
-4.26354e-008 1.64378
-4.24354e-008 1.6471
-4.22354e-008 1.6471
-4.20354e-008 1.6471
-4.18354e-008 1.6471
-4.16354e-008 1.64378
-4.14354e-008 1.65042
-4.12354e-008 1.64378
-4.10354e-008 1.6471
-4.08354e-008 1.65042
-4.06354e-008 1.65042
-4.04354e-008 1.6471
-4.02354e-008 1.65042
-4.00354e-008 1.65374
-3.98354e-008 1.65042
-3.96354e-008 1.65042
-3.94354e-008 1.6471
-3.92354e-008 1.65042
-3.90354e-008 1.65042
-3.88354e-008 1.6471
-3.86354e-008 1.64046
-3.84354e-008 1.64046
-3.82354e-008 1.6471
-3.80354e-008 1.64378
-3.78354e-008 1.6471
-3.76354e-008 1.6471
-3.74354e-008 1.6471
-3.72354e-008 1.64378
-3.70354e-008 1.64378
-3.68354e-008 1.65042
-3.66354e-008 1.6471
-3.64354e-008 1.64378
-3.62354e-008 1.6471
-3.60354e-008 1.64378
-3.58354e-008 1.65042
-3.56354e-008 1.6471
-3.54354e-008 1.6471
-3.52354e-008 1.6471
-3.50354e-008 1.64378
-3.48354e-008 1.6471
-3.46354e-008 1.64378
-3.44354e-008 1.65042
-3.42354e-008 1.6471
-3.40354e-008 1.64378
-3.38354e-008 1.64378
-3.36354e-008 1.6471
-3.34354e-008 1.65042
-3.32354e-008 1.6471
-3.30354e-008 1.6471
-3.28354e-008 1.65042
-3.26354e-008 1.65042
-3.24354e-008 1.64378
-3.22354e-008 1.65042
-3.20354e-008 1.6471
-3.18354e-008 1.6471
-3.16354e-008 1.6471
-3.14354e-008 1.6471
-3.12354e-008 1.65042
-3.10354e-008 1.6471
-3.08354e-008 1.64378
-3.06354e-008 1.64378
-3.04354e-008 1.64378
-3.02354e-008 1.64378
-3.00354e-008 1.64378
-2.98354e-008 1.6471
-2.96354e-008 1.64378
-2.94354e-008 1.65042
-2.92354e-008 1.65042
-2.90354e-008 1.65042
-2.88354e-008 1.65042
-2.86354e-008 1.65042
-2.84354e-008 1.65042
-2.82354e-008 1.6471
-2.80354e-008 1.64378
-2.78354e-008 1.65042
-2.76354e-008 1.6471
-2.74354e-008 1.65042
-2.72354e-008 1.64378
-2.70354e-008 1.65374
-2.68354e-008 1.65042
-2.66354e-008 1.6471
-2.64354e-008 1.6471
-2.62354e-008 1.6471
-2.60354e-008 1.65042
-2.58354e-008 1.65042
-2.56354e-008 1.65042
-2.54354e-008 1.65042
-2.52354e-008 1.6471
-2.50354e-008 1.6471
-2.48354e-008 1.65042
-2.46354e-008 1.65042
-2.44354e-008 1.6471
-2.42354e-008 1.65042
-2.40354e-008 1.65042
-2.38354e-008 1.6471
-2.36354e-008 1.64378
-2.34354e-008 1.65042
-2.32354e-008 1.65042
-2.30354e-008 1.6471
-2.28354e-008 1.65042
-2.26354e-008 1.65042
-2.24354e-008 1.65042
-2.22354e-008 1.65042
-2.20354e-008 1.64378
-2.18354e-008 1.65042
-2.16354e-008 1.6471
-2.14354e-008 1.65042
-2.12354e-008 1.64378
-2.10354e-008 1.6471
-2.08354e-008 1.6471
-2.06354e-008 1.6471
-2.04354e-008 1.6471
-2.02354e-008 1.6471
-2.00354e-008 1.65042
-1.98354e-008 1.6471
-1.96354e-008 1.6471
-1.94354e-008 1.65042
-1.92354e-008 1.65042
-1.90354e-008 1.65042
-1.88354e-008 1.6471
-1.86354e-008 1.65042
-1.84354e-008 1.64378
-1.82354e-008 1.6471
-1.80354e-008 1.64378
-1.78354e-008 1.6471
-1.76354e-008 1.64378
-1.74354e-008 1.6471
-1.72354e-008 1.64378
-1.70354e-008 1.64378
-1.68354e-008 1.64378
-1.66354e-008 1.64378
-1.64354e-008 1.64378
-1.62354e-008 1.65042
-1.60354e-008 1.6471
-1.58354e-008 1.64378
-1.56354e-008 1.64378
-1.54354e-008 1.65042
-1.52354e-008 1.64378
-1.50354e-008 1.64378
-1.48354e-008 1.65042
-1.46354e-008 1.64378
-1.44354e-008 1.64378
-1.42354e-008 1.6471
-1.40354e-008 1.6471
-1.38354e-008 1.6471
-1.36354e-008 1.6471
-1.34354e-008 1.65042
-1.32354e-008 1.6471
-1.30354e-008 1.6471
-1.28354e-008 1.6471
-1.26354e-008 1.65042
-1.24354e-008 1.64378
-1.22354e-008 1.65042
-1.20354e-008 1.64378
-1.18354e-008 1.64378
-1.16354e-008 1.64046
-1.14354e-008 1.64378
-1.12354e-008 1.64378
-1.10354e-008 1.6471
-1.08354e-008 1.65042
-1.06354e-008 1.65042
-1.04354e-008 1.6471
-1.02354e-008 1.6471
-1.00354e-008 1.64378
-9.83543e-009 1.64378
-9.63543e-009 1.64378
-9.43543e-009 1.6471
-9.23543e-009 1.64378
-9.03543e-009 1.65042
-8.83543e-009 1.6471
-8.63543e-009 1.6471
-8.43543e-009 1.6471
-8.23543e-009 1.6471
-8.03543e-009 1.64378
-7.83543e-009 1.65042
-7.63543e-009 1.65042
-7.43543e-009 1.65042
-7.23543e-009 1.65042
-7.03543e-009 1.65042
-6.83543e-009 1.6471
-6.63543e-009 1.6471
-6.43543e-009 1.6471
-6.23543e-009 1.6471
-6.03543e-009 1.64378
-5.83543e-009 1.65042
-5.63543e-009 1.6471
-5.43543e-009 1.65042
-5.23543e-009 1.65706
-5.03543e-009 1.65706
-4.83543e-009 1.66039
-4.63543e-009 1.66371
-4.43543e-009 1.66703
-4.23543e-009 1.66703
-4.03543e-009 1.67035
-3.83543e-009 1.67699
-3.63543e-009 1.68031
-3.43543e-009 1.68363
-3.23543e-009 1.68695
-3.03543e-009 1.6936
-2.83543e-009 1.70356
-2.63543e-009 1.7102
-2.43543e-009 1.71684
-2.23543e-009 1.72348
-2.03543e-009 1.7268
-1.83543e-009 1.73677
-1.63543e-009 1.74341
-1.43543e-009 1.75337
-1.23543e-009 1.75669
-1.03543e-009 1.76666
-8.35427e-010 1.77662
-6.35427e-010 1.78658
-4.35427e-010 1.79654
-2.35427e-010 1.80319
-3.54275e-011 1.81979
1.64573e-010 1.82643
3.64573e-010 1.8364
5.64573e-010 1.853
7.64573e-010 1.86296
9.64573e-010 1.8696
1.16457e-009 1.87957
1.36457e-009 1.89285
1.56457e-009 1.89617
1.76457e-009 1.90613
1.96457e-009 1.90946
2.16457e-009 1.92274
2.36457e-009 1.9327
2.56457e-009 1.93934
2.76457e-009 1.94931
2.96457e-009 1.95927
3.16457e-009 1.96591
3.36457e-009 1.97255
3.56457e-009 1.98252
3.76457e-009 1.99248
3.96457e-009 1.99912
4.16457e-009 2.00244
4.36457e-009 2.00576
4.56457e-009 2.0124
4.76457e-009 2.01905
4.96457e-009 2.02237
5.16457e-009 2.02569
5.36457e-009 2.02569
5.56457e-009 2.02569
5.76457e-009 2.02901
5.96457e-009 2.03233
6.16457e-009 2.03233
6.36457e-009 2.03897
6.56457e-009 2.04229
6.76457e-009 2.04229
6.96457e-009 2.04229
7.16457e-009 2.04561
7.36457e-009 2.04229
7.56457e-009 2.03897
7.76457e-009 2.04229
7.96457e-009 2.03897
8.16457e-009 2.03565
8.36457e-009 2.03565
8.56457e-009 2.03233
8.76457e-009 2.03233
8.96457e-009 2.03233
9.16457e-009 2.02237
9.36457e-009 2.01905
9.56457e-009 2.01905
9.76457e-009 2.0124
9.96457e-009 2.00908
1.01646e-008 2.00576
1.03646e-008 2.00244
1.05646e-008 1.9958
1.07646e-008 1.99248
1.09646e-008 1.98584
1.11646e-008 1.98252
1.13646e-008 1.97587
1.15646e-008 1.97587
1.17646e-008 1.96591
1.19646e-008 1.96591
1.21646e-008 1.95927
1.23646e-008 1.95595
1.25646e-008 1.94931
1.27646e-008 1.94267
1.29646e-008 1.93602
1.31646e-008 1.9327
1.33646e-008 1.92274
1.35646e-008 1.9161
1.37646e-008 1.9161
1.39646e-008 1.90613
1.41646e-008 1.90281
1.43646e-008 1.89617
1.45646e-008 1.88953
1.47646e-008 1.88953
1.49646e-008 1.87957
1.51646e-008 1.87293
1.53646e-008 1.87293
1.55646e-008 1.86628
1.57646e-008 1.85632
1.59646e-008 1.84968
1.61646e-008 1.84304
1.63646e-008 1.83972
1.65646e-008 1.8364
1.67646e-008 1.82643
1.69646e-008 1.81979
1.71646e-008 1.81647
1.73646e-008 1.81315
1.75646e-008 1.80651
1.77646e-008 1.79987
1.79646e-008 1.79654
1.81646e-008 1.7899
1.83646e-008 1.78326
1.85646e-008 1.77994
1.87646e-008 1.7733
1.89646e-008 1.76998
1.91646e-008 1.76998
1.93646e-008 1.76333
1.95646e-008 1.75669
1.97646e-008 1.75005
1.99646e-008 1.74673
2.01646e-008 1.74009
2.03646e-008 1.74009
2.05646e-008 1.73013
2.07646e-008 1.73345
2.09646e-008 1.73013
2.11646e-008 1.72348
2.13646e-008 1.72348
2.15646e-008 1.71352
2.17646e-008 1.71352
2.19646e-008 1.70688
2.21646e-008 1.70688
2.23646e-008 1.70024
2.25646e-008 1.6936
2.27646e-008 1.69027
2.29646e-008 1.68695
2.31646e-008 1.68031
2.33646e-008 1.68031
2.35646e-008 1.68031
2.37646e-008 1.67699
2.39646e-008 1.67699
2.41646e-008 1.67367
2.43646e-008 1.67035
2.45646e-008 1.67035
2.47646e-008 1.67035
2.49646e-008 1.66371
2.51646e-008 1.66371
2.53646e-008 1.66039
2.55646e-008 1.65706
2.57646e-008 1.65374
2.59646e-008 1.65374
2.61646e-008 1.65042
2.63646e-008 1.65042
2.65646e-008 1.6471
2.67646e-008 1.6471
2.69646e-008 1.64378
2.71646e-008 1.64046
2.73646e-008 1.64046
2.75646e-008 1.63714
2.77646e-008 1.64046
2.79646e-008 1.63382
2.81646e-008 1.63714
2.83646e-008 1.6305
2.85646e-008 1.6305
2.87646e-008 1.62718
2.89646e-008 1.62386
2.91646e-008 1.62718
2.93646e-008 1.62386
2.95646e-008 1.62053
2.97646e-008 1.62718
2.99646e-008 1.62053
3.01646e-008 1.62053
3.03646e-008 1.61721
3.05646e-008 1.61721
3.07646e-008 1.61389
3.09646e-008 1.61389
3.11646e-008 1.61389
3.13646e-008 1.61721
3.15646e-008 1.61389
3.17646e-008 1.61721
3.19646e-008 1.61389
3.21646e-008 1.61389
3.23646e-008 1.61057
3.25646e-008 1.61389
3.27646e-008 1.61057
3.29646e-008 1.61057
3.31646e-008 1.61389
3.33646e-008 1.60725
3.35646e-008 1.60393
3.37646e-008 1.60725
3.39646e-008 1.60393
3.41646e-008 1.60725
3.43646e-008 1.60393
3.45646e-008 1.61057
3.47646e-008 1.60725
3.49646e-008 1.61057
3.51646e-008 1.60725
3.53646e-008 1.61721
3.55646e-008 1.60725
3.57646e-008 1.61057
3.59646e-008 1.60725
3.61646e-008 1.61057
3.63646e-008 1.60725
3.65646e-008 1.60393
3.67646e-008 1.60393
3.69646e-008 1.60725
3.71646e-008 1.60393
3.73646e-008 1.60725
3.75646e-008 1.60725
3.77646e-008 1.60725
3.79646e-008 1.60725
3.81646e-008 1.60725
3.83646e-008 1.61057
3.85646e-008 1.60725
3.87646e-008 1.61389
3.89646e-008 1.61389
3.91646e-008 1.61057
3.93646e-008 1.61389
3.95646e-008 1.61389
3.97646e-008 1.61389
3.99646e-008 1.61057
4.01646e-008 1.61057
4.03646e-008 1.61389
4.05646e-008 1.60725
4.07646e-008 1.61057
4.09646e-008 1.61057
4.11646e-008 1.60725
4.13646e-008 1.60725
4.15646e-008 1.61057
4.17646e-008 1.60725
4.19646e-008 1.60725
4.21646e-008 1.60725
4.23646e-008 1.60725
4.25646e-008 1.60725
4.27646e-008 1.61057
4.29646e-008 1.61389
4.31646e-008 1.60725
4.33646e-008 1.60725
4.35646e-008 1.60725
4.37646e-008 1.61057
4.39646e-008 1.61057
4.41646e-008 1.61389
4.43646e-008 1.61721
4.45646e-008 1.61721
4.47646e-008 1.61721
4.49646e-008 1.61389
4.51646e-008 1.61389
4.53646e-008 1.61057
4.55646e-008 1.60725
4.57646e-008 1.60725
4.59646e-008 1.60725
4.61646e-008 1.60725
4.63646e-008 1.60725
4.65646e-008 1.61057
4.67646e-008 1.61057
4.69646e-008 1.60725
4.71646e-008 1.61057
4.73646e-008 1.61389
4.75646e-008 1.61057
4.77646e-008 1.61721
4.79646e-008 1.61721
4.81646e-008 1.61721
4.83646e-008 1.62053
4.85646e-008 1.61721
4.87646e-008 1.61721
4.89646e-008 1.61721
4.91646e-008 1.61721
4.93646e-008 1.61721
4.95646e-008 1.62053
4.97646e-008 1.61721
4.99646e-008 1.61721
5.01646e-008 1.62053
5.03646e-008 1.61721
5.05646e-008 1.61721
5.07646e-008 1.61721
5.09646e-008 1.61389
5.11646e-008 1.61721
5.13646e-008 1.62053
5.15646e-008 1.62053
5.17646e-008 1.62386
5.19646e-008 1.62053
5.21646e-008 1.62386
5.23646e-008 1.62053
5.25646e-008 1.62386
5.27646e-008 1.62386
5.29646e-008 1.62053
5.31646e-008 1.62386
5.33646e-008 1.61721
5.35646e-008 1.62386
5.37646e-008 1.62386
5.39646e-008 1.62386
5.41646e-008 1.62386
5.43646e-008 1.62386
5.45646e-008 1.62053
5.47646e-008 1.62386
5.49646e-008 1.62386
5.51646e-008 1.62718
5.53646e-008 1.62718
5.55646e-008 1.62386
5.57646e-008 1.62718
5.59646e-008 1.62386
5.61646e-008 1.62718
5.63646e-008 1.62386
5.65646e-008 1.62718
5.67646e-008 1.62386
5.69646e-008 1.62718
5.71646e-008 1.62053
5.73646e-008 1.62386
5.75646e-008 1.62386
5.77646e-008 1.62053
5.79646e-008 1.62053
5.81646e-008 1.62053
5.83646e-008 1.62386
5.85646e-008 1.62718
5.87646e-008 1.62386
5.89646e-008 1.62718
5.91646e-008 1.62718
5.93646e-008 1.6305
5.95646e-008 1.62718
5.97646e-008 1.6305
5.99646e-008 1.62718
6.01646e-008 1.6305
6.03646e-008 1.62718
6.05646e-008 1.6305
6.07646e-008 1.6305
6.09646e-008 1.6305
6.11646e-008 1.62718
6.13646e-008 1.62718
6.15646e-008 1.62386
6.17646e-008 1.62386
6.19646e-008 1.62718
6.21646e-008 1.62386
6.23646e-008 1.62718
6.25646e-008 1.6305
6.27646e-008 1.62718
6.29646e-008 1.6305
6.31646e-008 1.62718
6.33646e-008 1.62718
6.35646e-008 1.62718
6.37646e-008 1.6305
6.39646e-008 1.6305
6.41646e-008 1.63714
6.43646e-008 1.6305
6.45646e-008 1.63382
6.47646e-008 1.6305
6.49646e-008 1.63382
6.51646e-008 1.6305
6.53646e-008 1.63382
6.55646e-008 1.6305
6.57646e-008 1.6305
6.59646e-008 1.62718
6.61646e-008 1.6305
6.63646e-008 1.6305
6.65646e-008 1.63382
6.67646e-008 1.6305
6.69646e-008 1.6305
6.71646e-008 1.63382
6.73646e-008 1.63714
6.75646e-008 1.63382
6.77646e-008 1.63714
6.79646e-008 1.63382
6.81646e-008 1.63714
6.83646e-008 1.63714
6.85646e-008 1.63714
6.87646e-008 1.63382
6.89646e-008 1.63714
6.91646e-008 1.63382
6.93646e-008 1.6305
6.95646e-008 1.6305
6.97646e-008 1.6305
6.99646e-008 1.6305
7.01646e-008 1.6305
7.03646e-008 1.63382
7.05646e-008 1.63382
7.07646e-008 1.6305
7.09646e-008 1.63382
7.11646e-008 1.63382
7.13646e-008 1.63382
7.15646e-008 1.6305
7.17646e-008 1.63382
7.19646e-008 1.63714
7.21646e-008 1.63382
7.23646e-008 1.63714
7.25646e-008 1.63714
7.27646e-008 1.63382
7.29646e-008 1.63714
7.31646e-008 1.63714
7.33646e-008 1.63714
7.35646e-008 1.63382
7.37646e-008 1.63714
7.39646e-008 1.63714
7.41646e-008 1.63714
7.43646e-008 1.63714
7.45646e-008 1.63714
7.47646e-008 1.63714
7.49646e-008 1.63714
7.51646e-008 1.63714
7.53646e-008 1.63714
7.55646e-008 1.63714
7.57646e-008 1.64046
7.59646e-008 1.64046
7.61646e-008 1.64046
7.63646e-008 1.63714
7.65646e-008 1.63714
7.67646e-008 1.63382
7.69646e-008 1.63714
7.71646e-008 1.63714
7.73646e-008 1.64046
7.75646e-008 1.63714
7.77646e-008 1.64378
7.79646e-008 1.63714
7.81646e-008 1.64046
7.83646e-008 1.63714
7.85646e-008 1.64046
7.87646e-008 1.64046
7.89646e-008 1.6471
7.91646e-008 1.63714
7.93646e-008 1.64378
7.95646e-008 1.63714
7.97646e-008 1.63714
7.99646e-008 1.63714
8.01646e-008 1.63714
8.03646e-008 1.63714
8.05646e-008 1.63714
8.07646e-008 1.63714
8.09646e-008 1.63714
8.11646e-008 1.63714
8.13646e-008 1.64046
8.15646e-008 1.64046
8.17646e-008 1.63714
8.19646e-008 1.64046
8.21646e-008 1.64046
8.23646e-008 1.63714
8.25646e-008 1.64378
8.27646e-008 1.63714
8.29646e-008 1.64378
8.31646e-008 1.63714
8.33646e-008 1.63714
8.35646e-008 1.64046
8.37646e-008 1.64378
8.39646e-008 1.63714
8.41646e-008 1.63714
8.43646e-008 1.63714
8.45646e-008 1.63714
8.47646e-008 1.63714
8.49646e-008 1.63382
8.51646e-008 1.63382
8.53646e-008 1.63382
8.55646e-008 1.63714
8.57646e-008 1.63714
8.59646e-008 1.6305
8.61646e-008 1.63714
8.63646e-008 1.63714
8.65646e-008 1.63714
8.67646e-008 1.6305
8.69646e-008 1.63382
8.71646e-008 1.6305
8.73646e-008 1.63382
8.75646e-008 1.63382
8.77646e-008 1.63382
8.79646e-008 1.6305
8.81646e-008 1.6305
8.83646e-008 1.62718
8.85646e-008 1.63382
8.87646e-008 1.62718
8.89646e-008 1.63382
8.91646e-008 1.62718
8.93646e-008 1.63714
8.95646e-008 1.6305
8.97646e-008 1.6305
8.99646e-008 1.6305
9.01646e-008 1.6305
9.03646e-008 1.6305
9.05646e-008 1.6305
9.07646e-008 1.6305
9.09646e-008 1.6305
9.11646e-008 1.62718
9.13646e-008 1.62386
9.15646e-008 1.6305
9.17646e-008 1.6305
9.19646e-008 1.6305
9.21646e-008 1.63382
9.23646e-008 1.62386
9.25646e-008 1.6305
9.27646e-008 1.6305
9.29646e-008 1.6305
9.31646e-008 1.6305
9.33646e-008 1.6305
9.35646e-008 1.63382
9.37646e-008 1.6305
9.39646e-008 1.62718
9.41646e-008 1.63382
9.43646e-008 1.6305
9.45646e-008 1.62718
9.47646e-008 1.6305
9.49646e-008 1.62718
9.51646e-008 1.62386
9.53646e-008 1.62718
9.55646e-008 1.62386
9.57646e-008 1.6305
9.59646e-008 1.63382
9.61646e-008 1.63382
9.63646e-008 1.6305
9.65646e-008 1.63382
9.67646e-008 1.63382
9.69646e-008 1.6305
9.71646e-008 1.62718
9.73646e-008 1.63382
9.75646e-008 1.6305
9.77646e-008 1.63382
9.79646e-008 1.63382
9.81646e-008 1.63382
9.83646e-008 1.6305
9.85646e-008 1.6305
9.87646e-008 1.62718
9.89646e-008 1.6305
9.91646e-008 1.63382
9.93646e-008 1.6305
9.95646e-008 1.6305
9.97646e-008 1.6305
9.99646e-008 1.6305
1.00165e-007 1.6305
1.00365e-007 1.6305
1.00565e-007 1.6305
1.00765e-007 1.6305
1.00965e-007 1.63382
1.01165e-007 1.63382
1.01365e-007 1.6305
1.01565e-007 1.62718
1.01765e-007 1.63382
1.01965e-007 1.63382
1.02165e-007 1.6305
1.02365e-007 1.63382
1.02565e-007 1.63382
1.02765e-007 1.6305
1.02965e-007 1.63382
1.03165e-007 1.6305
1.03365e-007 1.63714
1.03565e-007 1.63382
1.03765e-007 1.63382
1.03965e-007 1.63714
1.04165e-007 1.63382
1.04365e-007 1.63382
1.04565e-007 1.63382
1.04765e-007 1.63382
1.04965e-007 1.63382
1.05165e-007 1.6305
1.05365e-007 1.63714
1.05565e-007 1.63382
1.05765e-007 1.63714
1.05965e-007 1.63714
1.06165e-007 1.63382
1.06365e-007 1.63714
1.06565e-007 1.63382
1.06765e-007 1.63382
1.06965e-007 1.63382
1.07165e-007 1.63382
1.07365e-007 1.63382
1.07565e-007 1.63714
1.07765e-007 1.63382
1.07965e-007 1.63382
1.08165e-007 1.63382
1.08365e-007 1.63382
1.08565e-007 1.63382
1.08765e-007 1.6305
1.08965e-007 1.6305
1.09165e-007 1.6305
1.09365e-007 1.63714
1.09565e-007 1.63714
1.09765e-007 1.63714
1.09965e-007 1.63714
1.10165e-007 1.64046
1.10365e-007 1.63714
1.10565e-007 1.64046
1.10765e-007 1.63714
1.10965e-007 1.63714
1.11165e-007 1.63382
1.11365e-007 1.63382
1.11565e-007 1.63382
1.11765e-007 1.63714
1.11965e-007 1.63714
1.12165e-007 1.63714
1.12365e-007 1.63382
1.12565e-007 1.63382
1.12765e-007 1.63714
1.12965e-007 1.63714
1.13165e-007 1.63714
1.13365e-007 1.63714
1.13565e-007 1.63714
1.13765e-007 1.64046
1.13965e-007 1.63382
1.14165e-007 1.63714
1.14365e-007 1.64046
1.14565e-007 1.63382
1.14765e-007 1.63382
1.14965e-007 1.63714
1.15165e-007 1.63382
1.15365e-007 1.63714
1.15565e-007 1.63714
1.15765e-007 1.63714
1.15965e-007 1.63714
1.16165e-007 1.64046
1.16365e-007 1.63382
1.16565e-007 1.64046
1.16765e-007 1.63714
1.16965e-007 1.64046
1.17165e-007 1.63714
1.17365e-007 1.64046
1.17565e-007 1.64046
1.17765e-007 1.64046
1.17965e-007 1.64046
1.18165e-007 1.64046
1.18365e-007 1.63714
1.18565e-007 1.63714
1.18765e-007 1.63382
1.18965e-007 1.64046
1.19165e-007 1.63714
1.19365e-007 1.64046
1.19565e-007 1.63714
1.19765e-007 1.63382
1.19965e-007 1.63714
1.20165e-007 1.63714
1.20365e-007 1.63714
1.20565e-007 1.64046
1.20765e-007 1.63714
1.20965e-007 1.64046
1.21165e-007 1.64046
1.21365e-007 1.63714
1.21565e-007 1.63714
1.21765e-007 1.64046
1.21965e-007 1.64378
1.22165e-007 1.63714
1.22365e-007 1.64046
1.22565e-007 1.64046
1.22765e-007 1.63382
1.22965e-007 1.63714
1.23165e-007 1.63714
1.23365e-007 1.64046
1.23565e-007 1.64046
1.23765e-007 1.64046
1.23965e-007 1.63714
1.24165e-007 1.63714
1.24365e-007 1.64046
1.24565e-007 1.64046
1.24765e-007 1.63714
1.24965e-007 1.64378
1.25165e-007 1.64046
1.25365e-007 1.64378
1.25565e-007 1.63714
1.25765e-007 1.63714
1.25965e-007 1.64046
1.26165e-007 1.64378
1.26365e-007 1.63382
1.26565e-007 1.64046
1.26765e-007 1.64046
1.26965e-007 1.64378
1.27165e-007 1.64378
1.27365e-007 1.64378
1.27565e-007 1.63714
1.27765e-007 1.64046
1.27965e-007 1.63714
1.28165e-007 1.63714
1.28365e-007 1.64046
1.28565e-007 1.64046
1.28765e-007 1.64046
1.28965e-007 1.64378
1.29165e-007 1.64046
1.29365e-007 1.64046
1.29565e-007 1.64046
1.29765e-007 1.64046
1.29965e-007 1.64046
1.30165e-007 1.63714
1.30365e-007 1.64046
1.30565e-007 1.64046
1.30765e-007 1.64046
1.30965e-007 1.63714
1.31165e-007 1.63714
1.31365e-007 1.64378
1.31565e-007 1.64378
1.31765e-007 1.64046
1.31965e-007 1.64378
1.32165e-007 1.64046
1.32365e-007 1.64378
1.32565e-007 1.6471
1.32765e-007 1.64378
1.32965e-007 1.6471
1.33165e-007 1.63714
1.33365e-007 1.64378
1.33565e-007 1.64046
1.33765e-007 1.64046
1.33965e-007 1.64046
1.34165e-007 1.64378
1.34365e-007 1.64046
1.34565e-007 1.63714
1.34765e-007 1.64046
1.34965e-007 1.64378
1.35165e-007 1.63714
1.35365e-007 1.64378
1.35565e-007 1.64046
1.35765e-007 1.64378
1.35965e-007 1.64046
1.36165e-007 1.64046
1.36365e-007 1.64378
1.36565e-007 1.64046
1.36765e-007 1.63714
1.36965e-007 1.64046
1.37165e-007 1.64046
1.37365e-007 1.64378
1.37565e-007 1.64046
1.37765e-007 1.64046
1.37965e-007 1.64046
1.38165e-007 1.64378
1.38365e-007 1.63714
1.38565e-007 1.64046
1.38765e-007 1.64046
1.38965e-007 1.64046
1.39165e-007 1.64046
1.39365e-007 1.64046
1.39565e-007 1.63714
1.39765e-007 1.64046
1.39965e-007 1.63714
1.40165e-007 1.63714
1.40365e-007 1.64378
1.40565e-007 1.64046
1.40765e-007 1.64046
1.40965e-007 1.64046
1.41165e-007 1.64046
1.41365e-007 1.64046
1.41565e-007 1.63714
1.41765e-007 1.63714
1.41965e-007 1.63714
1.42165e-007 1.64046
1.42365e-007 1.63714
1.42565e-007 1.64046
1.42765e-007 1.63714
1.42965e-007 1.64046
1.43165e-007 1.64046
1.43365e-007 1.64378
1.43565e-007 1.63714
1.43765e-007 1.64046
1.43965e-007 1.64046
1.44165e-007 1.64378
1.44365e-007 1.63714
1.44565e-007 1.64046
1.44765e-007 1.64046
1.44965e-007 1.64046
1.45165e-007 1.64046
1.45365e-007 1.64046
1.45565e-007 1.64046
1.45765e-007 1.63714
1.45965e-007 1.63714
1.46165e-007 1.63714
1.46365e-007 1.63714
1.46565e-007 1.63714
1.46765e-007 1.63714
1.46965e-007 1.63714
1.47165e-007 1.64046
1.47365e-007 1.64378
1.47565e-007 1.63714
1.47765e-007 1.64378
1.47965e-007 1.64378
1.48165e-007 1.64378
1.48365e-007 1.64046
1.48565e-007 1.64046
