LECROYWS44MXs-B 69584 Waveform
Segments 1 SegmentSize 1002
Segment TrigTime TimeSinceSegment1
#1 23-Jun-2015 22:08:41 0                 
Time Ampl
-5.17461e-008 1.6471
-5.15461e-008 1.64378
-5.13461e-008 1.65042
-5.11461e-008 1.65042
-5.09461e-008 1.65042
-5.07461e-008 1.65042
-5.05461e-008 1.65042
-5.03461e-008 1.6471
-5.01461e-008 1.65042
-4.99461e-008 1.6471
-4.97461e-008 1.65042
-4.95461e-008 1.65042
-4.93461e-008 1.65042
-4.91461e-008 1.65042
-4.89461e-008 1.65042
-4.87461e-008 1.64378
-4.85461e-008 1.6471
-4.83461e-008 1.64378
-4.81461e-008 1.6471
-4.79461e-008 1.64378
-4.77461e-008 1.6471
-4.75461e-008 1.64378
-4.73461e-008 1.6471
-4.71461e-008 1.65042
-4.69461e-008 1.65042
-4.67461e-008 1.64378
-4.65461e-008 1.65042
-4.63461e-008 1.64378
-4.61461e-008 1.6471
-4.59461e-008 1.6471
-4.57461e-008 1.6471
-4.55461e-008 1.65042
-4.53461e-008 1.6471
-4.51461e-008 1.64378
-4.49461e-008 1.6471
-4.47461e-008 1.64378
-4.45461e-008 1.65042
-4.43461e-008 1.6471
-4.41461e-008 1.65042
-4.39461e-008 1.64378
-4.37461e-008 1.6471
-4.35461e-008 1.65042
-4.33461e-008 1.65042
-4.31461e-008 1.6471
-4.29461e-008 1.65042
-4.27461e-008 1.6471
-4.25461e-008 1.6471
-4.23461e-008 1.65042
-4.21461e-008 1.65042
-4.19461e-008 1.64378
-4.17461e-008 1.6471
-4.15461e-008 1.64378
-4.13461e-008 1.6471
-4.11461e-008 1.64378
-4.09461e-008 1.6471
-4.07461e-008 1.65042
-4.05461e-008 1.65042
-4.03461e-008 1.64378
-4.01461e-008 1.65042
-3.99461e-008 1.64378
-3.97461e-008 1.6471
-3.95461e-008 1.6471
-3.93461e-008 1.6471
-3.91461e-008 1.65042
-3.89461e-008 1.65042
-3.87461e-008 1.6471
-3.85461e-008 1.65042
-3.83461e-008 1.64378
-3.81461e-008 1.6471
-3.79461e-008 1.64046
-3.77461e-008 1.64378
-3.75461e-008 1.64378
-3.73461e-008 1.6471
-3.71461e-008 1.64378
-3.69461e-008 1.6471
-3.67461e-008 1.64378
-3.65461e-008 1.64378
-3.63461e-008 1.64378
-3.61461e-008 1.6471
-3.59461e-008 1.6471
-3.57461e-008 1.65374
-3.55461e-008 1.64378
-3.53461e-008 1.6471
-3.51461e-008 1.6471
-3.49461e-008 1.65042
-3.47461e-008 1.6471
-3.45461e-008 1.64378
-3.43461e-008 1.64378
-3.41461e-008 1.6471
-3.39461e-008 1.64378
-3.37461e-008 1.6471
-3.35461e-008 1.6471
-3.33461e-008 1.65042
-3.31461e-008 1.64378
-3.29461e-008 1.6471
-3.27461e-008 1.6471
-3.25461e-008 1.65042
-3.23461e-008 1.64378
-3.21461e-008 1.65042
-3.19461e-008 1.65042
-3.17461e-008 1.6471
-3.15461e-008 1.65042
-3.13461e-008 1.65042
-3.11461e-008 1.64378
-3.09461e-008 1.6471
-3.07461e-008 1.64378
-3.05461e-008 1.6471
-3.03461e-008 1.64378
-3.01461e-008 1.6471
-2.99461e-008 1.65042
-2.97461e-008 1.65042
-2.95461e-008 1.6471
-2.93461e-008 1.65042
-2.91461e-008 1.64378
-2.89461e-008 1.6471
-2.87461e-008 1.6471
-2.85461e-008 1.64378
-2.83461e-008 1.64378
-2.81461e-008 1.6471
-2.79461e-008 1.65042
-2.77461e-008 1.65042
-2.75461e-008 1.6471
-2.73461e-008 1.65042
-2.71461e-008 1.6471
-2.69461e-008 1.65042
-2.67461e-008 1.6471
-2.65461e-008 1.6471
-2.63461e-008 1.64378
-2.61461e-008 1.6471
-2.59461e-008 1.6471
-2.57461e-008 1.6471
-2.55461e-008 1.64378
-2.53461e-008 1.65042
-2.51461e-008 1.65042
-2.49461e-008 1.65374
-2.47461e-008 1.65374
-2.45461e-008 1.65374
-2.43461e-008 1.65374
-2.41461e-008 1.65374
-2.39461e-008 1.6471
-2.37461e-008 1.65374
-2.35461e-008 1.65042
-2.33461e-008 1.65042
-2.31461e-008 1.64378
-2.29461e-008 1.6471
-2.27461e-008 1.64378
-2.25461e-008 1.64378
-2.23461e-008 1.64378
-2.21461e-008 1.64378
-2.19461e-008 1.6471
-2.17461e-008 1.6471
-2.15461e-008 1.64378
-2.13461e-008 1.6471
-2.11461e-008 1.64378
-2.09461e-008 1.65042
-2.07461e-008 1.65042
-2.05461e-008 1.6471
-2.03461e-008 1.6471
-2.01461e-008 1.65042
-1.99461e-008 1.64378
-1.97461e-008 1.65042
-1.95461e-008 1.64378
-1.93461e-008 1.6471
-1.91461e-008 1.64378
-1.89461e-008 1.65042
-1.87461e-008 1.6471
-1.85461e-008 1.64378
-1.83461e-008 1.64378
-1.81461e-008 1.64378
-1.79461e-008 1.64046
-1.77461e-008 1.65042
-1.75461e-008 1.65042
-1.73461e-008 1.6471
-1.71461e-008 1.6471
-1.69461e-008 1.65042
-1.67461e-008 1.65042
-1.65461e-008 1.65374
-1.63461e-008 1.65042
-1.61461e-008 1.65706
-1.59461e-008 1.65374
-1.57461e-008 1.65706
-1.55461e-008 1.65042
-1.53461e-008 1.65374
-1.51461e-008 1.65042
-1.49461e-008 1.6471
-1.47461e-008 1.64378
-1.45461e-008 1.65042
-1.43461e-008 1.64378
-1.41461e-008 1.6471
-1.39461e-008 1.6471
-1.37461e-008 1.65042
-1.35461e-008 1.6471
-1.33461e-008 1.65042
-1.31461e-008 1.6471
-1.29461e-008 1.6471
-1.27461e-008 1.6471
-1.25461e-008 1.6471
-1.23461e-008 1.64378
-1.21461e-008 1.6471
-1.19461e-008 1.6471
-1.17461e-008 1.65374
-1.15461e-008 1.64378
-1.13461e-008 1.65042
-1.11461e-008 1.6471
-1.09461e-008 1.65042
-1.07461e-008 1.65042
-1.05461e-008 1.6471
-1.03461e-008 1.64378
-1.01461e-008 1.6471
-9.94606e-009 1.64046
-9.74606e-009 1.65042
-9.54606e-009 1.64378
-9.34606e-009 1.6471
-9.14606e-009 1.64378
-8.94606e-009 1.64378
-8.74606e-009 1.64378
-8.54606e-009 1.65042
-8.34606e-009 1.6471
-8.14606e-009 1.6471
-7.94606e-009 1.6471
-7.74606e-009 1.65042
-7.54606e-009 1.65374
-7.34606e-009 1.65374
-7.14606e-009 1.65042
-6.94606e-009 1.65374
-6.74606e-009 1.65374
-6.54606e-009 1.65706
-6.34606e-009 1.66039
-6.14606e-009 1.66039
-5.94606e-009 1.65706
-5.74606e-009 1.66039
-5.54606e-009 1.65706
-5.34606e-009 1.66371
-5.14606e-009 1.66703
-4.94606e-009 1.66371
-4.74606e-009 1.67035
-4.54606e-009 1.67035
-4.34606e-009 1.67367
-4.14606e-009 1.67699
-3.94606e-009 1.68031
-3.74606e-009 1.68695
-3.54606e-009 1.6936
-3.34606e-009 1.69692
-3.14606e-009 1.70688
-2.94606e-009 1.7102
-2.74606e-009 1.71684
-2.54606e-009 1.7268
-2.34606e-009 1.73345
-2.14606e-009 1.74341
-1.94606e-009 1.75005
-1.74606e-009 1.75669
-1.54606e-009 1.76333
-1.34606e-009 1.76666
-1.14606e-009 1.7733
-9.46057e-010 1.78326
-7.46057e-010 1.7899
-5.46057e-010 1.79654
-3.46057e-010 1.80651
-1.46057e-010 1.81315
5.39434e-011 1.81979
2.53943e-010 1.82975
4.53943e-010 1.8364
6.53943e-010 1.84636
8.53943e-010 1.853
1.05394e-009 1.85964
1.25394e-009 1.8696
1.45394e-009 1.8696
1.65394e-009 1.87625
1.85394e-009 1.88289
2.05394e-009 1.88621
2.25394e-009 1.89617
2.45394e-009 1.89949
2.65394e-009 1.90946
2.85394e-009 1.9161
3.05394e-009 1.91942
3.25394e-009 1.92606
3.45394e-009 1.92938
3.65394e-009 1.93602
3.85394e-009 1.9327
4.05394e-009 1.93934
4.25394e-009 1.94267
4.45394e-009 1.94599
4.65394e-009 1.94599
4.85394e-009 1.94931
5.05394e-009 1.95263
5.25394e-009 1.95927
5.45394e-009 1.95595
5.65394e-009 1.95927
5.85394e-009 1.95595
6.05394e-009 1.95927
6.25394e-009 1.96259
6.45394e-009 1.96259
6.65394e-009 1.96259
6.85394e-009 1.96923
7.05394e-009 1.96591
7.25394e-009 1.96923
7.45394e-009 1.96591
7.65394e-009 1.96259
7.85394e-009 1.96591
8.05394e-009 1.96259
8.25394e-009 1.96259
8.45394e-009 1.96259
8.65394e-009 1.94931
8.85394e-009 1.95595
9.05394e-009 1.94931
9.25394e-009 1.94931
9.45394e-009 1.94599
9.65394e-009 1.94267
9.85394e-009 1.94267
1.00539e-008 1.93934
1.02539e-008 1.93602
1.04539e-008 1.93602
1.06539e-008 1.92938
1.08539e-008 1.9327
1.10539e-008 1.92938
1.12539e-008 1.92274
1.14539e-008 1.91942
1.16539e-008 1.91942
1.18539e-008 1.90946
1.20539e-008 1.90946
1.22539e-008 1.90281
1.24539e-008 1.90281
1.26539e-008 1.89949
1.28539e-008 1.89617
1.30539e-008 1.88953
1.32539e-008 1.88621
1.34539e-008 1.88289
1.36539e-008 1.88289
1.38539e-008 1.87625
1.40539e-008 1.87293
1.42539e-008 1.86628
1.44539e-008 1.86628
1.46539e-008 1.86296
1.48539e-008 1.85632
1.50539e-008 1.853
1.52539e-008 1.84636
1.54539e-008 1.84304
1.56539e-008 1.8364
1.58539e-008 1.8364
1.60539e-008 1.82975
1.62539e-008 1.82643
1.64539e-008 1.82311
1.66539e-008 1.81979
1.68539e-008 1.81979
1.70539e-008 1.81647
1.72539e-008 1.81315
1.74539e-008 1.80983
1.76539e-008 1.79987
1.78539e-008 1.79654
1.80539e-008 1.79654
1.82539e-008 1.7899
1.84539e-008 1.79322
1.86539e-008 1.7899
1.88539e-008 1.78658
1.90539e-008 1.78326
1.92539e-008 1.77994
1.94539e-008 1.77994
1.96539e-008 1.7733
1.98539e-008 1.7733
2.00539e-008 1.76666
2.02539e-008 1.76333
2.04539e-008 1.76333
2.06539e-008 1.75669
2.08539e-008 1.75337
2.10539e-008 1.75005
2.12539e-008 1.74673
2.14539e-008 1.74673
2.16539e-008 1.74341
2.18539e-008 1.74341
2.20539e-008 1.73677
2.22539e-008 1.73345
2.24539e-008 1.73345
2.26539e-008 1.73013
2.28539e-008 1.7268
2.30539e-008 1.72348
2.32539e-008 1.72348
2.34539e-008 1.72016
2.36539e-008 1.71684
2.38539e-008 1.71352
2.40539e-008 1.71352
2.42539e-008 1.71352
2.44539e-008 1.71352
2.46539e-008 1.71352
2.48539e-008 1.7102
2.50539e-008 1.70356
2.52539e-008 1.7102
2.54539e-008 1.70688
2.56539e-008 1.70024
2.58539e-008 1.70356
2.60539e-008 1.70024
2.62539e-008 1.70356
2.64539e-008 1.69692
2.66539e-008 1.69692
2.68539e-008 1.69027
2.70539e-008 1.68695
2.72539e-008 1.69027
2.74539e-008 1.68695
2.76539e-008 1.68695
2.78539e-008 1.68363
2.80539e-008 1.68363
2.82539e-008 1.67699
2.84539e-008 1.67699
2.86539e-008 1.67367
2.88539e-008 1.67367
2.90539e-008 1.67367
2.92539e-008 1.67699
2.94539e-008 1.67699
2.96539e-008 1.67699
2.98539e-008 1.67367
3.00539e-008 1.67699
3.02539e-008 1.67035
3.04539e-008 1.67035
3.06539e-008 1.67035
3.08539e-008 1.66703
3.10539e-008 1.66703
3.12539e-008 1.66703
3.14539e-008 1.66039
3.16539e-008 1.66039
3.18539e-008 1.66039
3.20539e-008 1.66039
3.22539e-008 1.66039
3.24539e-008 1.65706
3.26539e-008 1.66039
3.28539e-008 1.65706
3.30539e-008 1.66039
3.32539e-008 1.66039
3.34539e-008 1.65374
3.36539e-008 1.65706
3.38539e-008 1.65374
3.40539e-008 1.65374
3.42539e-008 1.66039
3.44539e-008 1.65706
3.46539e-008 1.66039
3.48539e-008 1.65706
3.50539e-008 1.65706
3.52539e-008 1.65374
3.54539e-008 1.65374
3.56539e-008 1.65374
3.58539e-008 1.65706
3.60539e-008 1.65706
3.62539e-008 1.65706
3.64539e-008 1.65374
3.66539e-008 1.65374
3.68539e-008 1.65042
3.70539e-008 1.6471
3.72539e-008 1.6471
3.74539e-008 1.65042
3.76539e-008 1.6471
3.78539e-008 1.6471
3.80539e-008 1.6471
3.82539e-008 1.65042
3.84539e-008 1.6471
3.86539e-008 1.65042
3.88539e-008 1.65042
3.90539e-008 1.6471
3.92539e-008 1.64046
3.94539e-008 1.6471
3.96539e-008 1.64378
3.98539e-008 1.6471
4.00539e-008 1.64378
4.02539e-008 1.65042
4.04539e-008 1.64378
4.06539e-008 1.6471
4.08539e-008 1.6471
4.10539e-008 1.6471
4.12539e-008 1.64378
4.14539e-008 1.65042
4.16539e-008 1.6471
4.18539e-008 1.65042
4.20539e-008 1.65042
4.22539e-008 1.6471
4.24539e-008 1.64378
4.26539e-008 1.6471
4.28539e-008 1.64378
4.30539e-008 1.64378
4.32539e-008 1.64378
4.34539e-008 1.64046
4.36539e-008 1.64046
4.38539e-008 1.63714
4.40539e-008 1.64046
4.42539e-008 1.64378
4.44539e-008 1.64046
4.46539e-008 1.6471
4.48539e-008 1.64378
4.50539e-008 1.65042
4.52539e-008 1.6471
4.54539e-008 1.65042
4.56539e-008 1.6471
4.58539e-008 1.64378
4.60539e-008 1.6471
4.62539e-008 1.6471
4.64539e-008 1.64378
4.66539e-008 1.6471
4.68539e-008 1.64046
4.70539e-008 1.64378
4.72539e-008 1.64046
4.74539e-008 1.6471
4.76539e-008 1.64378
4.78539e-008 1.6471
4.80539e-008 1.64378
4.82539e-008 1.6471
4.84539e-008 1.64046
4.86539e-008 1.64378
4.88539e-008 1.6471
4.90539e-008 1.6471
4.92539e-008 1.6471
4.94539e-008 1.6471
4.96539e-008 1.64378
4.98539e-008 1.64378
5.00539e-008 1.64378
5.02539e-008 1.64046
5.04539e-008 1.64046
5.06539e-008 1.64046
5.08539e-008 1.63714
5.10539e-008 1.64046
5.12539e-008 1.64046
5.14539e-008 1.64378
5.16539e-008 1.64046
5.18539e-008 1.64378
5.20539e-008 1.64046
5.22539e-008 1.64378
5.24539e-008 1.63714
5.26539e-008 1.64378
5.28539e-008 1.63714
5.30539e-008 1.64046
5.32539e-008 1.63714
5.34539e-008 1.64046
5.36539e-008 1.63714
5.38539e-008 1.64046
5.40539e-008 1.64046
5.42539e-008 1.64046
5.44539e-008 1.64046
5.46539e-008 1.6471
5.48539e-008 1.64378
5.50539e-008 1.64046
5.52539e-008 1.64046
5.54539e-008 1.64046
5.56539e-008 1.63714
5.58539e-008 1.64046
5.60539e-008 1.64378
5.62539e-008 1.64046
5.64539e-008 1.64046
5.66539e-008 1.64046
5.68539e-008 1.64046
5.70539e-008 1.64046
5.72539e-008 1.63714
5.74539e-008 1.64046
5.76539e-008 1.63714
5.78539e-008 1.64378
5.80539e-008 1.63714
5.82539e-008 1.64046
5.84539e-008 1.64046
5.86539e-008 1.64046
5.88539e-008 1.63714
5.90539e-008 1.64378
5.92539e-008 1.63714
5.94539e-008 1.64046
5.96539e-008 1.64046
5.98539e-008 1.64378
6.00539e-008 1.64378
6.02539e-008 1.64378
6.04539e-008 1.64378
6.06539e-008 1.64378
6.08539e-008 1.64378
6.10539e-008 1.64046
6.12539e-008 1.63714
6.14539e-008 1.64378
6.16539e-008 1.64046
6.18539e-008 1.64378
6.20539e-008 1.64046
6.22539e-008 1.64378
6.24539e-008 1.64046
6.26539e-008 1.64046
6.28539e-008 1.63714
6.30539e-008 1.63714
6.32539e-008 1.63714
6.34539e-008 1.63714
6.36539e-008 1.64046
6.38539e-008 1.64378
6.40539e-008 1.63714
6.42539e-008 1.64378
6.44539e-008 1.64046
6.46539e-008 1.64046
6.48539e-008 1.64046
6.50539e-008 1.64378
6.52539e-008 1.63714
6.54539e-008 1.64378
6.56539e-008 1.64046
6.58539e-008 1.64046
6.60539e-008 1.64046
6.62539e-008 1.64046
6.64539e-008 1.63714
6.66539e-008 1.64046
6.68539e-008 1.64046
6.70539e-008 1.64046
6.72539e-008 1.64046
6.74539e-008 1.64378
6.76539e-008 1.64378
6.78539e-008 1.64378
6.80539e-008 1.64046
6.82539e-008 1.64378
6.84539e-008 1.64378
6.86539e-008 1.64378
6.88539e-008 1.64378
6.90539e-008 1.64046
6.92539e-008 1.63714
6.94539e-008 1.64378
6.96539e-008 1.63714
6.98539e-008 1.64046
7.00539e-008 1.63714
7.02539e-008 1.64046
7.04539e-008 1.64046
7.06539e-008 1.64046
7.08539e-008 1.64378
7.10539e-008 1.64046
7.12539e-008 1.64046
7.14539e-008 1.64378
7.16539e-008 1.64378
7.18539e-008 1.64046
7.20539e-008 1.63714
7.22539e-008 1.64046
7.24539e-008 1.63714
7.26539e-008 1.64046
7.28539e-008 1.64046
7.30539e-008 1.64046
7.32539e-008 1.64046
7.34539e-008 1.64046
7.36539e-008 1.64046
7.38539e-008 1.64046
7.40539e-008 1.64378
7.42539e-008 1.64378
7.44539e-008 1.64378
7.46539e-008 1.64378
7.48539e-008 1.64046
7.50539e-008 1.64378
7.52539e-008 1.64378
7.54539e-008 1.64378
7.56539e-008 1.64046
7.58539e-008 1.6471
7.60539e-008 1.64378
7.62539e-008 1.64378
7.64539e-008 1.64378
7.66539e-008 1.64378
7.68539e-008 1.64046
7.70539e-008 1.64378
7.72539e-008 1.64378
7.74539e-008 1.64378
7.76539e-008 1.64378
7.78539e-008 1.64046
7.80539e-008 1.64378
7.82539e-008 1.6471
7.84539e-008 1.64378
7.86539e-008 1.6471
7.88539e-008 1.6471
7.90539e-008 1.64378
7.92539e-008 1.64378
7.94539e-008 1.64378
7.96539e-008 1.64378
7.98539e-008 1.64378
8.00539e-008 1.64378
8.02539e-008 1.64378
8.04539e-008 1.64046
8.06539e-008 1.64378
8.08539e-008 1.64378
8.10539e-008 1.64046
8.12539e-008 1.64046
8.14539e-008 1.65042
8.16539e-008 1.64378
8.18539e-008 1.6471
8.20539e-008 1.64378
8.22539e-008 1.64378
8.24539e-008 1.6471
8.26539e-008 1.64378
8.28539e-008 1.64378
8.30539e-008 1.65042
8.32539e-008 1.64046
8.34539e-008 1.6471
8.36539e-008 1.64378
8.38539e-008 1.64046
8.40539e-008 1.64378
8.42539e-008 1.6471
8.44539e-008 1.64046
8.46539e-008 1.64046
8.48539e-008 1.64378
8.50539e-008 1.64378
8.52539e-008 1.64046
8.54539e-008 1.64046
8.56539e-008 1.64046
8.58539e-008 1.63714
8.60539e-008 1.64378
8.62539e-008 1.64046
8.64539e-008 1.64046
8.66539e-008 1.64046
8.68539e-008 1.63714
8.70539e-008 1.64378
8.72539e-008 1.64046
8.74539e-008 1.64046
8.76539e-008 1.64046
8.78539e-008 1.64378
8.80539e-008 1.64046
8.82539e-008 1.64378
8.84539e-008 1.64046
8.86539e-008 1.64046
8.88539e-008 1.63714
8.90539e-008 1.63714
8.92539e-008 1.63382
8.94539e-008 1.63714
8.96539e-008 1.63382
8.98539e-008 1.64046
9.00539e-008 1.63714
9.02539e-008 1.63714
9.04539e-008 1.63714
9.06539e-008 1.64046
9.08539e-008 1.64046
9.10539e-008 1.64046
9.12539e-008 1.63382
9.14539e-008 1.63714
9.16539e-008 1.63714
9.18539e-008 1.64046
9.20539e-008 1.63382
9.22539e-008 1.64046
9.24539e-008 1.6305
9.26539e-008 1.64046
9.28539e-008 1.63714
9.30539e-008 1.64378
9.32539e-008 1.63714
9.34539e-008 1.64046
9.36539e-008 1.63714
9.38539e-008 1.63714
9.40539e-008 1.63714
9.42539e-008 1.63714
9.44539e-008 1.63714
9.46539e-008 1.63382
9.48539e-008 1.63714
9.50539e-008 1.63382
9.52539e-008 1.63714
9.54539e-008 1.63714
9.56539e-008 1.6305
9.58539e-008 1.63382
9.60539e-008 1.63714
9.62539e-008 1.63714
9.64539e-008 1.63714
9.66539e-008 1.63714
9.68539e-008 1.64046
9.70539e-008 1.64046
9.72539e-008 1.63714
9.74539e-008 1.63714
9.76539e-008 1.63382
9.78539e-008 1.64046
9.80539e-008 1.63714
9.82539e-008 1.64046
9.84539e-008 1.63382
9.86539e-008 1.63714
9.88539e-008 1.64046
9.90539e-008 1.64378
9.92539e-008 1.63714
9.94539e-008 1.64046
9.96539e-008 1.64046
9.98539e-008 1.64378
1.00054e-007 1.63714
1.00254e-007 1.64046
1.00454e-007 1.63714
1.00654e-007 1.63714
1.00854e-007 1.63714
1.01054e-007 1.64046
1.01254e-007 1.63382
1.01454e-007 1.63382
1.01654e-007 1.63382
1.01854e-007 1.64046
1.02054e-007 1.63714
1.02254e-007 1.64046
1.02454e-007 1.64046
1.02654e-007 1.64046
1.02854e-007 1.63714
1.03054e-007 1.64046
1.03254e-007 1.63382
1.03454e-007 1.63714
1.03654e-007 1.63714
1.03854e-007 1.63714
1.04054e-007 1.63714
1.04254e-007 1.63714
1.04454e-007 1.63382
1.04654e-007 1.64046
1.04854e-007 1.63382
1.05054e-007 1.63714
1.05254e-007 1.63714
1.05454e-007 1.64378
1.05654e-007 1.64046
1.05854e-007 1.64046
1.06054e-007 1.64046
1.06254e-007 1.64378
1.06454e-007 1.63382
1.06654e-007 1.64046
1.06854e-007 1.64046
1.07054e-007 1.63714
1.07254e-007 1.64046
1.07454e-007 1.64046
1.07654e-007 1.64046
1.07854e-007 1.63714
1.08054e-007 1.64046
1.08254e-007 1.64046
1.08454e-007 1.64046
1.08654e-007 1.64046
1.08854e-007 1.64046
1.09054e-007 1.64046
1.09254e-007 1.64046
1.09454e-007 1.64378
1.09654e-007 1.63714
1.09854e-007 1.63714
1.10054e-007 1.63714
1.10254e-007 1.64046
1.10454e-007 1.63714
1.10654e-007 1.6471
1.10854e-007 1.64046
1.11054e-007 1.64378
1.11254e-007 1.64046
1.11454e-007 1.63714
1.11654e-007 1.63714
1.11854e-007 1.64046
1.12054e-007 1.64046
1.12254e-007 1.64046
1.12454e-007 1.63714
1.12654e-007 1.64046
1.12854e-007 1.64046
1.13054e-007 1.63714
1.13254e-007 1.64046
1.13454e-007 1.63714
1.13654e-007 1.63382
1.13854e-007 1.64378
1.14054e-007 1.63382
1.14254e-007 1.63714
1.14454e-007 1.63382
1.14654e-007 1.64046
1.14854e-007 1.64378
1.15054e-007 1.64378
1.15254e-007 1.63714
1.15454e-007 1.63714
1.15654e-007 1.64046
1.15854e-007 1.64046
1.16054e-007 1.63714
1.16254e-007 1.64046
1.16454e-007 1.63714
1.16654e-007 1.64046
1.16854e-007 1.63714
1.17054e-007 1.64378
1.17254e-007 1.64046
1.17454e-007 1.64046
1.17654e-007 1.64046
1.17854e-007 1.64046
1.18054e-007 1.63714
1.18254e-007 1.64378
1.18454e-007 1.64046
1.18654e-007 1.64378
1.18854e-007 1.64046
1.19054e-007 1.64378
1.19254e-007 1.63714
1.19454e-007 1.64046
1.19654e-007 1.64046
1.19854e-007 1.64378
1.20054e-007 1.64046
1.20254e-007 1.64378
1.20454e-007 1.64378
1.20654e-007 1.6471
1.20854e-007 1.64046
1.21054e-007 1.64046
1.21254e-007 1.64378
1.21454e-007 1.64378
1.21654e-007 1.64046
1.21854e-007 1.64378
1.22054e-007 1.64046
1.22254e-007 1.64046
1.22454e-007 1.64378
1.22654e-007 1.64378
1.22854e-007 1.64046
1.23054e-007 1.6471
1.23254e-007 1.64378
1.23454e-007 1.64378
1.23654e-007 1.6471
1.23854e-007 1.6471
1.24054e-007 1.64046
1.24254e-007 1.64378
1.24454e-007 1.64378
1.24654e-007 1.64378
1.24854e-007 1.64378
1.25054e-007 1.64378
1.25254e-007 1.64046
1.25454e-007 1.64046
1.25654e-007 1.64378
1.25854e-007 1.64378
1.26054e-007 1.64378
1.26254e-007 1.6471
1.26454e-007 1.64378
1.26654e-007 1.64378
1.26854e-007 1.64378
1.27054e-007 1.64046
1.27254e-007 1.64378
1.27454e-007 1.64378
1.27654e-007 1.63714
1.27854e-007 1.64046
1.28054e-007 1.63714
1.28254e-007 1.64046
1.28454e-007 1.63714
1.28654e-007 1.64046
1.28854e-007 1.63382
1.29054e-007 1.63714
1.29254e-007 1.63714
1.29454e-007 1.64378
1.29654e-007 1.63714
1.29854e-007 1.64378
1.30054e-007 1.64046
1.30254e-007 1.64378
1.30454e-007 1.64046
1.30654e-007 1.64046
1.30854e-007 1.64046
1.31054e-007 1.64046
1.31254e-007 1.63714
1.31454e-007 1.64378
1.31654e-007 1.63714
1.31854e-007 1.64046
1.32054e-007 1.64378
1.32254e-007 1.64046
1.32454e-007 1.64046
1.32654e-007 1.64378
1.32854e-007 1.64046
1.33054e-007 1.64378
1.33254e-007 1.64378
1.33454e-007 1.64046
1.33654e-007 1.64046
1.33854e-007 1.64046
1.34054e-007 1.63382
1.34254e-007 1.64378
1.34454e-007 1.64378
1.34654e-007 1.64046
1.34854e-007 1.64046
1.35054e-007 1.64378
1.35254e-007 1.63714
1.35454e-007 1.64378
1.35654e-007 1.63714
1.35854e-007 1.64046
1.36054e-007 1.64046
1.36254e-007 1.64378
1.36454e-007 1.64378
1.36654e-007 1.64378
1.36854e-007 1.64378
1.37054e-007 1.6471
1.37254e-007 1.6471
1.37454e-007 1.64378
1.37654e-007 1.64046
1.37854e-007 1.64046
1.38054e-007 1.64378
1.38254e-007 1.64378
1.38454e-007 1.64378
1.38654e-007 1.64378
1.38854e-007 1.64046
1.39054e-007 1.64378
1.39254e-007 1.64046
1.39454e-007 1.64046
1.39654e-007 1.64378
1.39854e-007 1.64378
1.40054e-007 1.63714
1.40254e-007 1.64378
1.40454e-007 1.64046
1.40654e-007 1.6471
1.40854e-007 1.64046
1.41054e-007 1.64378
1.41254e-007 1.64378
1.41454e-007 1.6471
1.41654e-007 1.64378
1.41854e-007 1.64378
1.42054e-007 1.64046
1.42254e-007 1.64046
1.42454e-007 1.64046
1.42654e-007 1.64378
1.42854e-007 1.64046
1.43054e-007 1.64046
1.43254e-007 1.63714
1.43454e-007 1.64378
1.43654e-007 1.64046
1.43854e-007 1.6471
1.44054e-007 1.64046
1.44254e-007 1.64046
1.44454e-007 1.64046
1.44654e-007 1.64378
1.44854e-007 1.6471
1.45054e-007 1.64378
1.45254e-007 1.64378
1.45454e-007 1.64378
1.45654e-007 1.64046
1.45854e-007 1.64378
1.46054e-007 1.64046
1.46254e-007 1.64046
1.46454e-007 1.63714
1.46654e-007 1.64046
1.46854e-007 1.64046
1.47054e-007 1.64378
1.47254e-007 1.64046
1.47454e-007 1.64378
1.47654e-007 1.64046
1.47854e-007 1.64378
1.48054e-007 1.64046
1.48254e-007 1.65042
1.48454e-007 1.64378
