LECROYWS44MXs-B 69584 Waveform
Segments 1 SegmentSize 1002
Segment TrigTime TimeSinceSegment1
#1 23-Jun-2015 22:38:07 0                 
Time Ampl
-5.16359e-008 1.65042
-5.14359e-008 1.65042
-5.12359e-008 1.65042
-5.10359e-008 1.6471
-5.08359e-008 1.65042
-5.06359e-008 1.6471
-5.04359e-008 1.6471
-5.02359e-008 1.64378
-5.00359e-008 1.6471
-4.98359e-008 1.64378
-4.96359e-008 1.65042
-4.94359e-008 1.6471
-4.92359e-008 1.65042
-4.90359e-008 1.6471
-4.88359e-008 1.65042
-4.86359e-008 1.6471
-4.84359e-008 1.65042
-4.82359e-008 1.6471
-4.80359e-008 1.6471
-4.78359e-008 1.64378
-4.76359e-008 1.6471
-4.74359e-008 1.6471
-4.72359e-008 1.65042
-4.70359e-008 1.6471
-4.68359e-008 1.65042
-4.66359e-008 1.64378
-4.64359e-008 1.65042
-4.62359e-008 1.64046
-4.60359e-008 1.65042
-4.58359e-008 1.6471
-4.56359e-008 1.6471
-4.54359e-008 1.64378
-4.52359e-008 1.6471
-4.50359e-008 1.64378
-4.48359e-008 1.65374
-4.46359e-008 1.64378
-4.44359e-008 1.6471
-4.42359e-008 1.64378
-4.40359e-008 1.6471
-4.38359e-008 1.64378
-4.36359e-008 1.64378
-4.34359e-008 1.6471
-4.32359e-008 1.64378
-4.30359e-008 1.64378
-4.28359e-008 1.65042
-4.26359e-008 1.6471
-4.24359e-008 1.65042
-4.22359e-008 1.65042
-4.20359e-008 1.65042
-4.18359e-008 1.65042
-4.16359e-008 1.6471
-4.14359e-008 1.65042
-4.12359e-008 1.65042
-4.10359e-008 1.64378
-4.08359e-008 1.65042
-4.06359e-008 1.64378
-4.04359e-008 1.6471
-4.02359e-008 1.64378
-4.00359e-008 1.65042
-3.98359e-008 1.64378
-3.96359e-008 1.6471
-3.94359e-008 1.64378
-3.92359e-008 1.6471
-3.90359e-008 1.64046
-3.88359e-008 1.6471
-3.86359e-008 1.64046
-3.84359e-008 1.6471
-3.82359e-008 1.64378
-3.80359e-008 1.6471
-3.78359e-008 1.6471
-3.76359e-008 1.65042
-3.74359e-008 1.65042
-3.72359e-008 1.6471
-3.70359e-008 1.65042
-3.68359e-008 1.65042
-3.66359e-008 1.64378
-3.64359e-008 1.6471
-3.62359e-008 1.6471
-3.60359e-008 1.65042
-3.58359e-008 1.65042
-3.56359e-008 1.6471
-3.54359e-008 1.65042
-3.52359e-008 1.65042
-3.50359e-008 1.6471
-3.48359e-008 1.65042
-3.46359e-008 1.6471
-3.44359e-008 1.65042
-3.42359e-008 1.65042
-3.40359e-008 1.65042
-3.38359e-008 1.65042
-3.36359e-008 1.65042
-3.34359e-008 1.6471
-3.32359e-008 1.65042
-3.30359e-008 1.6471
-3.28359e-008 1.65042
-3.26359e-008 1.65042
-3.24359e-008 1.6471
-3.22359e-008 1.6471
-3.20359e-008 1.6471
-3.18359e-008 1.6471
-3.16359e-008 1.65042
-3.14359e-008 1.64378
-3.12359e-008 1.6471
-3.10359e-008 1.65042
-3.08359e-008 1.65042
-3.06359e-008 1.6471
-3.04359e-008 1.6471
-3.02359e-008 1.6471
-3.00359e-008 1.6471
-2.98359e-008 1.65042
-2.96359e-008 1.65042
-2.94359e-008 1.65042
-2.92359e-008 1.6471
-2.90359e-008 1.65042
-2.88359e-008 1.65374
-2.86359e-008 1.65042
-2.84359e-008 1.65042
-2.82359e-008 1.64378
-2.80359e-008 1.65042
-2.78359e-008 1.64378
-2.76359e-008 1.64378
-2.74359e-008 1.64378
-2.72359e-008 1.6471
-2.70359e-008 1.65042
-2.68359e-008 1.65374
-2.66359e-008 1.6471
-2.64359e-008 1.65042
-2.62359e-008 1.6471
-2.60359e-008 1.6471
-2.58359e-008 1.65042
-2.56359e-008 1.65042
-2.54359e-008 1.6471
-2.52359e-008 1.65042
-2.50359e-008 1.64378
-2.48359e-008 1.65374
-2.46359e-008 1.6471
-2.44359e-008 1.65042
-2.42359e-008 1.6471
-2.40359e-008 1.65042
-2.38359e-008 1.65374
-2.36359e-008 1.65374
-2.34359e-008 1.65042
-2.32359e-008 1.65042
-2.30359e-008 1.6471
-2.28359e-008 1.65042
-2.26359e-008 1.6471
-2.24359e-008 1.65042
-2.22359e-008 1.65042
-2.20359e-008 1.6471
-2.18359e-008 1.6471
-2.16359e-008 1.6471
-2.14359e-008 1.6471
-2.12359e-008 1.6471
-2.10359e-008 1.6471
-2.08359e-008 1.65042
-2.06359e-008 1.6471
-2.04359e-008 1.6471
-2.02359e-008 1.6471
-2.00359e-008 1.65042
-1.98359e-008 1.64378
-1.96359e-008 1.65042
-1.94359e-008 1.6471
-1.92359e-008 1.65042
-1.90359e-008 1.6471
-1.88359e-008 1.65042
-1.86359e-008 1.64378
-1.84359e-008 1.6471
-1.82359e-008 1.6471
-1.80359e-008 1.65042
-1.78359e-008 1.65374
-1.76359e-008 1.65042
-1.74359e-008 1.6471
-1.72359e-008 1.65042
-1.70359e-008 1.65042
-1.68359e-008 1.6471
-1.66359e-008 1.6471
-1.64359e-008 1.65042
-1.62359e-008 1.6471
-1.60359e-008 1.65042
-1.58359e-008 1.6471
-1.56359e-008 1.65042
-1.54359e-008 1.64378
-1.52359e-008 1.6471
-1.50359e-008 1.64378
-1.48359e-008 1.64378
-1.46359e-008 1.64378
-1.44359e-008 1.65042
-1.42359e-008 1.64378
-1.40359e-008 1.6471
-1.38359e-008 1.6471
-1.36359e-008 1.6471
-1.34359e-008 1.64378
-1.32359e-008 1.65042
-1.30359e-008 1.64378
-1.28359e-008 1.6471
-1.26359e-008 1.64378
-1.24359e-008 1.6471
-1.22359e-008 1.64046
-1.20359e-008 1.65042
-1.18359e-008 1.64378
-1.16359e-008 1.6471
-1.14359e-008 1.64378
-1.12359e-008 1.65042
-1.10359e-008 1.6471
-1.08359e-008 1.6471
-1.06359e-008 1.6471
-1.04359e-008 1.6471
-1.02359e-008 1.64378
-1.00359e-008 1.6471
-9.83586e-009 1.65042
-9.63586e-009 1.65374
-9.43586e-009 1.6471
-9.23586e-009 1.6471
-9.03586e-009 1.65042
-8.83586e-009 1.65042
-8.63586e-009 1.6471
-8.43586e-009 1.6471
-8.23586e-009 1.6471
-8.03586e-009 1.65042
-7.83586e-009 1.65042
-7.63586e-009 1.65042
-7.43586e-009 1.6471
-7.23586e-009 1.65374
-7.03586e-009 1.65042
-6.83586e-009 1.65374
-6.63586e-009 1.65374
-6.43586e-009 1.66039
-6.23586e-009 1.65706
-6.03586e-009 1.66371
-5.83586e-009 1.66371
-5.63586e-009 1.66703
-5.43586e-009 1.66371
-5.23586e-009 1.66703
-5.03586e-009 1.67367
-4.83586e-009 1.67367
-4.63586e-009 1.67699
-4.43586e-009 1.68031
-4.23586e-009 1.68031
-4.03586e-009 1.68031
-3.83586e-009 1.68695
-3.63586e-009 1.69027
-3.43586e-009 1.70024
-3.23586e-009 1.70356
-3.03586e-009 1.71352
-2.83586e-009 1.72016
-2.63586e-009 1.72348
-2.43586e-009 1.73013
-2.23586e-009 1.73677
-2.03586e-009 1.74673
-1.83586e-009 1.74673
-1.63586e-009 1.75337
-1.43586e-009 1.76333
-1.23586e-009 1.76998
-1.03586e-009 1.77662
-8.35861e-010 1.78326
-6.35861e-010 1.79322
-4.35861e-010 1.79987
-2.35861e-010 1.81315
-3.58613e-011 1.81647
1.64139e-010 1.82311
3.64139e-010 1.83307
5.64139e-010 1.83972
7.64139e-010 1.84636
9.64139e-010 1.85632
1.16414e-009 1.85964
1.36414e-009 1.8696
1.56414e-009 1.87625
1.76414e-009 1.87957
1.96414e-009 1.88621
2.16414e-009 1.88953
2.36414e-009 1.89617
2.56414e-009 1.90613
2.76414e-009 1.90946
2.96414e-009 1.9161
3.16414e-009 1.91942
3.36414e-009 1.92606
3.56414e-009 1.9327
3.76414e-009 1.93934
3.96414e-009 1.93934
4.16414e-009 1.94599
4.36414e-009 1.95263
4.56414e-009 1.95263
4.76414e-009 1.94931
4.96414e-009 1.95595
5.16414e-009 1.95595
5.36414e-009 1.95927
5.56414e-009 1.95595
5.76414e-009 1.96259
5.96414e-009 1.95927
6.16414e-009 1.96259
6.36414e-009 1.95927
6.56414e-009 1.96591
6.76414e-009 1.96259
6.96414e-009 1.96591
7.16414e-009 1.96591
7.36414e-009 1.96259
7.56414e-009 1.96591
7.76414e-009 1.96259
7.96414e-009 1.96923
8.16414e-009 1.96591
8.36414e-009 1.96259
8.56414e-009 1.96259
8.76414e-009 1.96591
8.96414e-009 1.95927
9.16414e-009 1.94931
9.36414e-009 1.95263
9.56414e-009 1.94599
9.76414e-009 1.94931
9.96414e-009 1.94267
1.01641e-008 1.93934
1.03641e-008 1.9327
1.05641e-008 1.9327
1.07641e-008 1.92938
1.09641e-008 1.92606
1.11641e-008 1.92606
1.13641e-008 1.91942
1.15641e-008 1.91942
1.17641e-008 1.9161
1.19641e-008 1.9161
1.21641e-008 1.90946
1.23641e-008 1.90281
1.25641e-008 1.89617
1.27641e-008 1.89617
1.29641e-008 1.88953
1.31641e-008 1.88953
1.33641e-008 1.88621
1.35641e-008 1.87625
1.37641e-008 1.87293
1.39641e-008 1.8696
1.41641e-008 1.86628
1.43641e-008 1.86296
1.45641e-008 1.85632
1.47641e-008 1.85632
1.49641e-008 1.853
1.51641e-008 1.84636
1.53641e-008 1.84636
1.55641e-008 1.84304
1.57641e-008 1.8364
1.59641e-008 1.8364
1.61641e-008 1.82643
1.63641e-008 1.82311
1.65641e-008 1.82311
1.67641e-008 1.81647
1.69641e-008 1.80983
1.71641e-008 1.80983
1.73641e-008 1.80319
1.75641e-008 1.80319
1.77641e-008 1.79654
1.79641e-008 1.79322
1.81641e-008 1.79322
1.83641e-008 1.7899
1.85641e-008 1.78658
1.87641e-008 1.78658
1.89641e-008 1.78658
1.91641e-008 1.77994
1.93641e-008 1.77662
1.95641e-008 1.76998
1.97641e-008 1.76998
1.99641e-008 1.76666
2.01641e-008 1.75669
2.03641e-008 1.75337
2.05641e-008 1.75005
2.07641e-008 1.75005
2.09641e-008 1.74009
2.11641e-008 1.74341
2.13641e-008 1.74009
2.15641e-008 1.73677
2.17641e-008 1.73677
2.19641e-008 1.73345
2.21641e-008 1.73345
2.23641e-008 1.73013
2.25641e-008 1.72348
2.27641e-008 1.72348
2.29641e-008 1.72348
2.31641e-008 1.71352
2.33641e-008 1.71352
2.35641e-008 1.71352
2.37641e-008 1.7102
2.39641e-008 1.7102
2.41641e-008 1.70688
2.43641e-008 1.70024
2.45641e-008 1.70024
2.47641e-008 1.69692
2.49641e-008 1.70024
2.51641e-008 1.69692
2.53641e-008 1.70024
2.55641e-008 1.70024
2.57641e-008 1.69692
2.59641e-008 1.69692
2.61641e-008 1.6936
2.63641e-008 1.69027
2.65641e-008 1.69027
2.67641e-008 1.68695
2.69641e-008 1.68695
2.71641e-008 1.68695
2.73641e-008 1.68031
2.75641e-008 1.68363
2.77641e-008 1.68031
2.79641e-008 1.68363
2.81641e-008 1.68031
2.83641e-008 1.67699
2.85641e-008 1.67699
2.87641e-008 1.67367
2.89641e-008 1.67367
2.91641e-008 1.67367
2.93641e-008 1.66703
2.95641e-008 1.67035
2.97641e-008 1.67035
2.99641e-008 1.67035
3.01641e-008 1.67035
3.03641e-008 1.66703
3.05641e-008 1.66371
3.07641e-008 1.66703
3.09641e-008 1.66371
3.11641e-008 1.66371
3.13641e-008 1.66039
3.15641e-008 1.65706
3.17641e-008 1.66039
3.19641e-008 1.66039
3.21641e-008 1.65706
3.23641e-008 1.66039
3.25641e-008 1.65706
3.27641e-008 1.65706
3.29641e-008 1.65706
3.31641e-008 1.65706
3.33641e-008 1.65706
3.35641e-008 1.65706
3.37641e-008 1.65706
3.39641e-008 1.65706
3.41641e-008 1.65706
3.43641e-008 1.66039
3.45641e-008 1.65706
3.47641e-008 1.65706
3.49641e-008 1.65374
3.51641e-008 1.65374
3.53641e-008 1.65374
3.55641e-008 1.65706
3.57641e-008 1.65042
3.59641e-008 1.65374
3.61641e-008 1.65042
3.63641e-008 1.65374
3.65641e-008 1.65042
3.67641e-008 1.65374
3.69641e-008 1.65042
3.71641e-008 1.65706
3.73641e-008 1.65042
3.75641e-008 1.65042
3.77641e-008 1.65374
3.79641e-008 1.65042
3.81641e-008 1.65042
3.83641e-008 1.65374
3.85641e-008 1.65042
3.87641e-008 1.65374
3.89641e-008 1.65706
3.91641e-008 1.65042
3.93641e-008 1.65042
3.95641e-008 1.65706
3.97641e-008 1.65042
3.99641e-008 1.65042
4.01641e-008 1.65374
4.03641e-008 1.65374
4.05641e-008 1.65374
4.07641e-008 1.65374
4.09641e-008 1.65042
4.11641e-008 1.65042
4.13641e-008 1.6471
4.15641e-008 1.65042
4.17641e-008 1.6471
4.19641e-008 1.65042
4.21641e-008 1.65374
4.23641e-008 1.65042
4.25641e-008 1.64378
4.27641e-008 1.65042
4.29641e-008 1.65042
4.31641e-008 1.65042
4.33641e-008 1.65042
4.35641e-008 1.65042
4.37641e-008 1.65042
4.39641e-008 1.65374
4.41641e-008 1.6471
4.43641e-008 1.65042
4.45641e-008 1.6471
4.47641e-008 1.65042
4.49641e-008 1.65042
4.51641e-008 1.65042
4.53641e-008 1.65042
4.55641e-008 1.65042
4.57641e-008 1.65374
4.59641e-008 1.65042
4.61641e-008 1.65042
4.63641e-008 1.65374
4.65641e-008 1.65042
4.67641e-008 1.65374
4.69641e-008 1.65042
4.71641e-008 1.65042
4.73641e-008 1.65042
4.75641e-008 1.6471
4.77641e-008 1.6471
4.79641e-008 1.65374
4.81641e-008 1.65042
4.83641e-008 1.65042
4.85641e-008 1.65042
4.87641e-008 1.6471
4.89641e-008 1.65042
4.91641e-008 1.65374
4.93641e-008 1.65042
4.95641e-008 1.65374
4.97641e-008 1.65374
4.99641e-008 1.65374
5.01641e-008 1.6471
5.03641e-008 1.65042
5.05641e-008 1.6471
5.07641e-008 1.65042
5.09641e-008 1.65042
5.11641e-008 1.6471
5.13641e-008 1.6471
5.15641e-008 1.65374
5.17641e-008 1.65042
5.19641e-008 1.65042
5.21641e-008 1.6471
5.23641e-008 1.65042
5.25641e-008 1.65042
5.27641e-008 1.65042
5.29641e-008 1.65042
5.31641e-008 1.65374
5.33641e-008 1.65374
5.35641e-008 1.6471
5.37641e-008 1.6471
5.39641e-008 1.65042
5.41641e-008 1.6471
5.43641e-008 1.65042
5.45641e-008 1.6471
5.47641e-008 1.65042
5.49641e-008 1.65042
5.51641e-008 1.65042
5.53641e-008 1.65374
5.55641e-008 1.65706
5.57641e-008 1.65374
5.59641e-008 1.65374
5.61641e-008 1.65374
5.63641e-008 1.65374
5.65641e-008 1.65042
5.67641e-008 1.65042
5.69641e-008 1.6471
5.71641e-008 1.65374
5.73641e-008 1.65374
5.75641e-008 1.65042
5.77641e-008 1.65042
5.79641e-008 1.65374
5.81641e-008 1.65042
5.83641e-008 1.65042
5.85641e-008 1.6471
5.87641e-008 1.65042
5.89641e-008 1.64378
5.91641e-008 1.6471
5.93641e-008 1.64378
5.95641e-008 1.6471
5.97641e-008 1.64378
5.99641e-008 1.6471
6.01641e-008 1.6471
6.03641e-008 1.65042
6.05641e-008 1.65042
6.07641e-008 1.65042
6.09641e-008 1.65042
6.11641e-008 1.65042
6.13641e-008 1.65042
6.15641e-008 1.65374
6.17641e-008 1.65374
6.19641e-008 1.65042
6.21641e-008 1.65042
6.23641e-008 1.65374
6.25641e-008 1.65374
6.27641e-008 1.65374
6.29641e-008 1.65374
6.31641e-008 1.65706
6.33641e-008 1.65374
6.35641e-008 1.65374
6.37641e-008 1.65042
6.39641e-008 1.65374
6.41641e-008 1.65374
6.43641e-008 1.65042
6.45641e-008 1.65042
6.47641e-008 1.65042
6.49641e-008 1.6471
6.51641e-008 1.65374
6.53641e-008 1.6471
6.55641e-008 1.65042
6.57641e-008 1.6471
6.59641e-008 1.65042
6.61641e-008 1.65042
6.63641e-008 1.65374
6.65641e-008 1.65042
6.67641e-008 1.65374
6.69641e-008 1.65042
6.71641e-008 1.65374
6.73641e-008 1.65374
6.75641e-008 1.65374
6.77641e-008 1.65042
6.79641e-008 1.65042
6.81641e-008 1.65042
6.83641e-008 1.65042
6.85641e-008 1.65042
6.87641e-008 1.65042
6.89641e-008 1.64378
6.91641e-008 1.65042
6.93641e-008 1.65042
6.95641e-008 1.65042
6.97641e-008 1.65042
6.99641e-008 1.65374
7.01641e-008 1.65042
7.03641e-008 1.65374
7.05641e-008 1.65042
7.07641e-008 1.65706
7.09641e-008 1.65374
7.11641e-008 1.65374
7.13641e-008 1.65042
7.15641e-008 1.65042
7.17641e-008 1.6471
7.19641e-008 1.65042
7.21641e-008 1.6471
7.23641e-008 1.65042
7.25641e-008 1.6471
7.27641e-008 1.65374
7.29641e-008 1.65042
7.31641e-008 1.65374
7.33641e-008 1.65042
7.35641e-008 1.65042
7.37641e-008 1.6471
7.39641e-008 1.65374
7.41641e-008 1.65374
7.43641e-008 1.65374
7.45641e-008 1.65374
7.47641e-008 1.65374
7.49641e-008 1.65374
7.51641e-008 1.65706
7.53641e-008 1.65374
7.55641e-008 1.65374
7.57641e-008 1.65374
7.59641e-008 1.65042
7.61641e-008 1.65042
7.63641e-008 1.65374
7.65641e-008 1.65042
7.67641e-008 1.65706
7.69641e-008 1.65706
7.71641e-008 1.65374
7.73641e-008 1.65042
7.75641e-008 1.65374
7.77641e-008 1.65374
7.79641e-008 1.65706
7.81641e-008 1.65706
7.83641e-008 1.65706
7.85641e-008 1.65374
7.87641e-008 1.66039
7.89641e-008 1.65042
7.91641e-008 1.65042
7.93641e-008 1.65374
7.95641e-008 1.65706
7.97641e-008 1.65042
7.99641e-008 1.65706
8.01641e-008 1.65042
8.03641e-008 1.65374
8.05641e-008 1.65042
8.07641e-008 1.65374
8.09641e-008 1.65042
8.11641e-008 1.65374
8.13641e-008 1.65374
8.15641e-008 1.65374
8.17641e-008 1.65706
8.19641e-008 1.65374
8.21641e-008 1.65374
8.23641e-008 1.66039
8.25641e-008 1.65706
8.27641e-008 1.65706
8.29641e-008 1.65706
8.31641e-008 1.65374
8.33641e-008 1.65374
8.35641e-008 1.65374
8.37641e-008 1.65042
8.39641e-008 1.65042
8.41641e-008 1.65042
8.43641e-008 1.6471
8.45641e-008 1.6471
8.47641e-008 1.6471
8.49641e-008 1.64378
8.51641e-008 1.6471
8.53641e-008 1.6471
8.55641e-008 1.6471
8.57641e-008 1.6471
8.59641e-008 1.65042
8.61641e-008 1.65042
8.63641e-008 1.65374
8.65641e-008 1.65042
8.67641e-008 1.65042
8.69641e-008 1.6471
8.71641e-008 1.65042
8.73641e-008 1.6471
8.75641e-008 1.65042
8.77641e-008 1.65374
8.79641e-008 1.65042
8.81641e-008 1.64378
8.83641e-008 1.65042
8.85641e-008 1.6471
8.87641e-008 1.65042
8.89641e-008 1.64378
8.91641e-008 1.6471
8.93641e-008 1.64378
8.95641e-008 1.65042
8.97641e-008 1.65042
8.99641e-008 1.64378
9.01641e-008 1.64378
9.03641e-008 1.64378
9.05641e-008 1.64378
9.07641e-008 1.6471
9.09641e-008 1.64378
9.11641e-008 1.64378
9.13641e-008 1.64378
9.15641e-008 1.64046
9.17641e-008 1.64046
9.19641e-008 1.64378
9.21641e-008 1.64378
9.23641e-008 1.64378
9.25641e-008 1.6471
9.27641e-008 1.64378
9.29641e-008 1.6471
9.31641e-008 1.64378
9.33641e-008 1.64046
9.35641e-008 1.64378
9.37641e-008 1.6471
9.39641e-008 1.6471
9.41641e-008 1.64378
9.43641e-008 1.6471
9.45641e-008 1.64378
9.47641e-008 1.64378
9.49641e-008 1.64046
9.51641e-008 1.6471
9.53641e-008 1.63714
9.55641e-008 1.64378
9.57641e-008 1.64046
9.59641e-008 1.64378
9.61641e-008 1.64378
9.63641e-008 1.6471
9.65641e-008 1.64378
9.67641e-008 1.6471
9.69641e-008 1.64378
9.71641e-008 1.6471
9.73641e-008 1.64378
9.75641e-008 1.64378
9.77641e-008 1.64378
9.79641e-008 1.6471
9.81641e-008 1.64378
9.83641e-008 1.64378
9.85641e-008 1.64378
9.87641e-008 1.64378
9.89641e-008 1.64046
9.91641e-008 1.64378
9.93641e-008 1.64046
9.95641e-008 1.64378
9.97641e-008 1.64046
9.99641e-008 1.64378
1.00164e-007 1.64378
1.00364e-007 1.64378
1.00564e-007 1.64378
1.00764e-007 1.64378
1.00964e-007 1.64378
1.01164e-007 1.64378
1.01364e-007 1.64046
1.01564e-007 1.6471
1.01764e-007 1.64046
1.01964e-007 1.6471
1.02164e-007 1.64046
1.02364e-007 1.64378
1.02564e-007 1.64046
1.02764e-007 1.64378
1.02964e-007 1.64046
1.03164e-007 1.6471
1.03364e-007 1.64046
1.03564e-007 1.64046
1.03764e-007 1.64046
1.03964e-007 1.6471
1.04164e-007 1.64046
1.04364e-007 1.64378
1.04564e-007 1.64378
1.04764e-007 1.64046
1.04964e-007 1.64378
1.05164e-007 1.6471
1.05364e-007 1.6471
1.05564e-007 1.65042
1.05764e-007 1.64378
1.05964e-007 1.64378
1.06164e-007 1.64046
1.06364e-007 1.6471
1.06564e-007 1.64046
1.06764e-007 1.64378
1.06964e-007 1.64046
1.07164e-007 1.64378
1.07364e-007 1.6471
1.07564e-007 1.64046
1.07764e-007 1.64046
1.07964e-007 1.64378
1.08164e-007 1.64378
1.08364e-007 1.6471
1.08564e-007 1.64378
1.08764e-007 1.6471
1.08964e-007 1.64378
1.09164e-007 1.6471
1.09364e-007 1.64378
1.09564e-007 1.6471
1.09764e-007 1.64046
1.09964e-007 1.64378
1.10164e-007 1.6471
1.10364e-007 1.6471
1.10564e-007 1.64378
1.10764e-007 1.6471
1.10964e-007 1.65042
1.11164e-007 1.6471
1.11364e-007 1.6471
1.11564e-007 1.6471
1.11764e-007 1.64378
1.11964e-007 1.6471
1.12164e-007 1.64378
1.12364e-007 1.65042
1.12564e-007 1.64378
1.12764e-007 1.64378
1.12964e-007 1.64378
1.13164e-007 1.64378
1.13364e-007 1.64378
1.13564e-007 1.65042
1.13764e-007 1.64378
1.13964e-007 1.6471
1.14164e-007 1.64378
1.14364e-007 1.64378
1.14564e-007 1.64378
1.14764e-007 1.64378
1.14964e-007 1.64378
1.15164e-007 1.64378
1.15364e-007 1.64378
1.15564e-007 1.64046
1.15764e-007 1.64378
1.15964e-007 1.64378
1.16164e-007 1.64378
1.16364e-007 1.64046
1.16564e-007 1.64378
1.16764e-007 1.65042
1.16964e-007 1.6471
1.17164e-007 1.6471
1.17364e-007 1.64378
1.17564e-007 1.6471
1.17764e-007 1.65042
1.17964e-007 1.6471
1.18164e-007 1.64378
1.18364e-007 1.6471
1.18564e-007 1.64378
1.18764e-007 1.65042
1.18964e-007 1.6471
1.19164e-007 1.6471
1.19364e-007 1.6471
1.19564e-007 1.64378
1.19764e-007 1.6471
1.19964e-007 1.65042
1.20164e-007 1.64378
1.20364e-007 1.64378
1.20564e-007 1.6471
1.20764e-007 1.65042
1.20964e-007 1.64378
1.21164e-007 1.6471
1.21364e-007 1.65042
1.21564e-007 1.65042
1.21764e-007 1.6471
1.21964e-007 1.64378
1.22164e-007 1.64378
1.22364e-007 1.65042
1.22564e-007 1.64378
1.22764e-007 1.6471
1.22964e-007 1.64046
1.23164e-007 1.64046
1.23364e-007 1.64046
1.23564e-007 1.6471
1.23764e-007 1.64378
1.23964e-007 1.6471
1.24164e-007 1.64378
1.24364e-007 1.6471
1.24564e-007 1.64378
1.24764e-007 1.65042
1.24964e-007 1.6471
1.25164e-007 1.6471
1.25364e-007 1.64378
1.25564e-007 1.64378
1.25764e-007 1.64046
1.25964e-007 1.6471
1.26164e-007 1.64046
1.26364e-007 1.6471
1.26564e-007 1.6471
1.26764e-007 1.6471
1.26964e-007 1.64378
1.27164e-007 1.6471
1.27364e-007 1.64378
1.27564e-007 1.6471
1.27764e-007 1.65042
1.27964e-007 1.6471
1.28164e-007 1.64378
1.28364e-007 1.6471
1.28564e-007 1.64378
1.28764e-007 1.6471
1.28964e-007 1.64378
1.29164e-007 1.6471
1.29364e-007 1.64378
1.29564e-007 1.6471
1.29764e-007 1.64378
1.29964e-007 1.6471
1.30164e-007 1.65042
1.30364e-007 1.65042
1.30564e-007 1.65042
1.30764e-007 1.65374
1.30964e-007 1.65042
1.31164e-007 1.65374
1.31364e-007 1.6471
1.31564e-007 1.65042
1.31764e-007 1.65042
1.31964e-007 1.65042
1.32164e-007 1.64046
1.32364e-007 1.65042
1.32564e-007 1.64378
1.32764e-007 1.64378
1.32964e-007 1.64046
1.33164e-007 1.6471
1.33364e-007 1.63714
1.33564e-007 1.64378
1.33764e-007 1.64378
1.33964e-007 1.6471
1.34164e-007 1.64378
1.34364e-007 1.6471
1.34564e-007 1.64378
1.34764e-007 1.6471
1.34964e-007 1.64378
1.35164e-007 1.64378
1.35364e-007 1.64378
1.35564e-007 1.6471
1.35764e-007 1.64378
1.35964e-007 1.6471
1.36164e-007 1.64046
1.36364e-007 1.6471
1.36564e-007 1.64378
1.36764e-007 1.6471
1.36964e-007 1.64378
1.37164e-007 1.6471
1.37364e-007 1.64378
1.37564e-007 1.64046
1.37764e-007 1.64046
1.37964e-007 1.64378
1.38164e-007 1.6471
1.38364e-007 1.64378
1.38564e-007 1.64046
1.38764e-007 1.64378
1.38964e-007 1.64378
1.39164e-007 1.64378
1.39364e-007 1.64046
1.39564e-007 1.64378
1.39764e-007 1.63714
1.39964e-007 1.6471
1.40164e-007 1.64046
1.40364e-007 1.64378
1.40564e-007 1.6471
1.40764e-007 1.64378
1.40964e-007 1.64378
1.41164e-007 1.6471
1.41364e-007 1.64046
1.41564e-007 1.6471
1.41764e-007 1.64378
1.41964e-007 1.6471
1.42164e-007 1.64378
1.42364e-007 1.64378
1.42564e-007 1.63714
1.42764e-007 1.64378
1.42964e-007 1.64378
1.43164e-007 1.64046
1.43364e-007 1.64378
1.43564e-007 1.63714
1.43764e-007 1.64378
1.43964e-007 1.6471
1.44164e-007 1.64378
1.44364e-007 1.6471
1.44564e-007 1.64378
1.44764e-007 1.64378
1.44964e-007 1.64378
1.45164e-007 1.6471
1.45364e-007 1.64378
1.45564e-007 1.6471
1.45764e-007 1.6471
1.45964e-007 1.65042
1.46164e-007 1.64046
1.46364e-007 1.6471
1.46564e-007 1.64046
1.46764e-007 1.6471
1.46964e-007 1.6471
1.47164e-007 1.6471
1.47364e-007 1.6471
1.47564e-007 1.6471
1.47764e-007 1.64378
1.47964e-007 1.6471
1.48164e-007 1.64378
1.48364e-007 1.65042
1.48564e-007 1.64378
