LECROYWS44MXs-B 69584 Waveform
Segments 1 SegmentSize 1002
Segment TrigTime TimeSinceSegment1
#1 23-Jun-2015 22:38:48 0                 
Time Ampl
-5.1798e-008 1.64378
-5.1598e-008 1.6471
-5.1398e-008 1.64378
-5.1198e-008 1.6471
-5.0998e-008 1.65042
-5.0798e-008 1.64378
-5.0598e-008 1.64378
-5.0398e-008 1.6471
-5.0198e-008 1.64378
-4.9998e-008 1.6471
-4.9798e-008 1.6471
-4.9598e-008 1.65042
-4.9398e-008 1.65042
-4.9198e-008 1.65042
-4.8998e-008 1.65042
-4.8798e-008 1.64378
-4.8598e-008 1.6471
-4.8398e-008 1.6471
-4.8198e-008 1.6471
-4.7998e-008 1.6471
-4.7798e-008 1.65042
-4.7598e-008 1.64378
-4.7398e-008 1.64378
-4.7198e-008 1.6471
-4.6998e-008 1.6471
-4.6798e-008 1.6471
-4.6598e-008 1.6471
-4.6398e-008 1.6471
-4.6198e-008 1.64378
-4.5998e-008 1.6471
-4.5798e-008 1.6471
-4.5598e-008 1.6471
-4.5398e-008 1.6471
-4.5198e-008 1.6471
-4.4998e-008 1.6471
-4.4798e-008 1.65042
-4.4598e-008 1.6471
-4.4398e-008 1.65042
-4.4198e-008 1.6471
-4.3998e-008 1.65042
-4.3798e-008 1.65042
-4.3598e-008 1.6471
-4.3398e-008 1.64378
-4.3198e-008 1.65042
-4.2998e-008 1.6471
-4.2798e-008 1.65042
-4.2598e-008 1.6471
-4.2398e-008 1.65042
-4.2198e-008 1.64378
-4.1998e-008 1.65042
-4.1798e-008 1.65374
-4.1598e-008 1.65374
-4.1398e-008 1.6471
-4.1198e-008 1.65042
-4.0998e-008 1.6471
-4.0798e-008 1.65042
-4.0598e-008 1.64378
-4.0398e-008 1.6471
-4.0198e-008 1.64378
-3.9998e-008 1.64378
-3.9798e-008 1.64378
-3.9598e-008 1.64378
-3.9398e-008 1.6471
-3.9198e-008 1.64378
-3.8998e-008 1.64378
-3.8798e-008 1.6471
-3.8598e-008 1.64378
-3.8398e-008 1.6471
-3.8198e-008 1.64378
-3.7998e-008 1.6471
-3.7798e-008 1.6471
-3.7598e-008 1.65042
-3.7398e-008 1.6471
-3.7198e-008 1.65042
-3.6998e-008 1.65042
-3.6798e-008 1.6471
-3.6598e-008 1.64378
-3.6398e-008 1.65042
-3.6198e-008 1.64378
-3.5998e-008 1.6471
-3.5798e-008 1.64378
-3.5598e-008 1.64378
-3.5398e-008 1.64378
-3.5198e-008 1.64378
-3.4998e-008 1.64378
-3.4798e-008 1.65042
-3.4598e-008 1.6471
-3.4398e-008 1.65042
-3.4198e-008 1.64378
-3.3998e-008 1.64378
-3.3798e-008 1.64378
-3.3598e-008 1.6471
-3.3398e-008 1.6471
-3.3198e-008 1.6471
-3.2998e-008 1.65042
-3.2798e-008 1.6471
-3.2598e-008 1.64378
-3.2398e-008 1.65042
-3.2198e-008 1.6471
-3.1998e-008 1.64378
-3.1798e-008 1.64378
-3.1598e-008 1.6471
-3.1398e-008 1.65042
-3.1198e-008 1.65374
-3.0998e-008 1.65042
-3.0798e-008 1.6471
-3.0598e-008 1.65042
-3.0398e-008 1.65042
-3.0198e-008 1.6471
-2.9998e-008 1.65042
-2.9798e-008 1.6471
-2.9598e-008 1.6471
-2.9398e-008 1.6471
-2.9198e-008 1.6471
-2.8998e-008 1.64378
-2.8798e-008 1.6471
-2.8598e-008 1.64378
-2.8398e-008 1.65042
-2.8198e-008 1.65042
-2.7998e-008 1.65042
-2.7798e-008 1.64378
-2.7598e-008 1.6471
-2.7398e-008 1.6471
-2.7198e-008 1.6471
-2.6998e-008 1.65042
-2.6798e-008 1.6471
-2.6598e-008 1.6471
-2.6398e-008 1.6471
-2.6198e-008 1.64378
-2.5998e-008 1.6471
-2.5798e-008 1.6471
-2.5598e-008 1.65042
-2.5398e-008 1.64378
-2.5198e-008 1.6471
-2.4998e-008 1.64378
-2.4798e-008 1.65042
-2.4598e-008 1.6471
-2.4398e-008 1.65042
-2.4198e-008 1.65042
-2.3998e-008 1.65042
-2.3798e-008 1.64378
-2.3598e-008 1.65042
-2.3398e-008 1.65042
-2.3198e-008 1.6471
-2.2998e-008 1.64378
-2.2798e-008 1.6471
-2.2598e-008 1.64378
-2.2398e-008 1.6471
-2.2198e-008 1.6471
-2.1998e-008 1.65042
-2.1798e-008 1.6471
-2.1598e-008 1.65042
-2.1398e-008 1.64378
-2.1198e-008 1.6471
-2.0998e-008 1.6471
-2.0798e-008 1.6471
-2.0598e-008 1.6471
-2.0398e-008 1.65042
-2.0198e-008 1.6471
-1.9998e-008 1.6471
-1.9798e-008 1.64378
-1.9598e-008 1.64378
-1.9398e-008 1.64378
-1.9198e-008 1.65042
-1.8998e-008 1.6471
-1.8798e-008 1.6471
-1.8598e-008 1.64378
-1.8398e-008 1.65042
-1.8198e-008 1.65042
-1.7998e-008 1.6471
-1.7798e-008 1.6471
-1.7598e-008 1.6471
-1.7398e-008 1.6471
-1.7198e-008 1.64378
-1.6998e-008 1.64378
-1.6798e-008 1.6471
-1.6598e-008 1.6471
-1.6398e-008 1.6471
-1.6198e-008 1.65042
-1.5998e-008 1.6471
-1.5798e-008 1.65042
-1.5598e-008 1.6471
-1.5398e-008 1.65042
-1.5198e-008 1.6471
-1.4998e-008 1.6471
-1.4798e-008 1.6471
-1.4598e-008 1.6471
-1.4398e-008 1.65042
-1.4198e-008 1.6471
-1.3998e-008 1.6471
-1.3798e-008 1.6471
-1.3598e-008 1.6471
-1.3398e-008 1.6471
-1.3198e-008 1.6471
-1.2998e-008 1.6471
-1.2798e-008 1.65042
-1.2598e-008 1.65042
-1.2398e-008 1.6471
-1.2198e-008 1.6471
-1.1998e-008 1.65042
-1.1798e-008 1.65042
-1.1598e-008 1.6471
-1.1398e-008 1.6471
-1.1198e-008 1.65042
-1.0998e-008 1.65042
-1.0798e-008 1.6471
-1.0598e-008 1.64378
-1.0398e-008 1.6471
-1.0198e-008 1.6471
-9.99797e-009 1.6471
-9.79797e-009 1.64378
-9.59797e-009 1.6471
-9.39797e-009 1.65042
-9.19797e-009 1.6471
-8.99797e-009 1.65042
-8.79797e-009 1.65374
-8.59797e-009 1.6471
-8.39797e-009 1.65042
-8.19797e-009 1.65042
-7.99797e-009 1.65042
-7.79797e-009 1.64378
-7.59797e-009 1.65042
-7.39797e-009 1.6471
-7.19797e-009 1.6471
-6.99797e-009 1.64378
-6.79797e-009 1.6471
-6.59797e-009 1.64378
-6.39797e-009 1.6471
-6.19797e-009 1.65042
-5.99797e-009 1.65042
-5.79797e-009 1.65042
-5.59797e-009 1.65374
-5.39797e-009 1.65374
-5.19797e-009 1.66039
-4.99797e-009 1.66039
-4.79797e-009 1.66039
-4.59797e-009 1.66039
-4.39797e-009 1.66371
-4.19797e-009 1.66371
-3.99797e-009 1.67367
-3.79797e-009 1.67035
-3.59797e-009 1.68031
-3.39797e-009 1.68363
-3.19797e-009 1.68363
-2.99797e-009 1.69692
-2.79797e-009 1.69692
-2.59797e-009 1.70688
-2.39797e-009 1.71352
-2.19797e-009 1.71684
-1.99797e-009 1.7268
-1.79797e-009 1.73677
-1.59797e-009 1.74341
-1.39797e-009 1.75337
-1.19797e-009 1.76001
-9.97973e-010 1.76998
-7.97973e-010 1.77994
-5.97973e-010 1.7899
-3.97973e-010 1.79654
-1.97973e-010 1.80651
2.02731e-012 1.82311
2.02027e-010 1.82643
4.02027e-010 1.84304
6.02027e-010 1.84968
8.02027e-010 1.86296
1.00203e-009 1.8696
1.20203e-009 1.87957
1.40203e-009 1.88953
1.60203e-009 1.89617
1.80203e-009 1.90946
2.00203e-009 1.9161
2.20203e-009 1.92606
2.40203e-009 1.9327
2.60203e-009 1.94267
2.80203e-009 1.95263
3.00203e-009 1.96259
3.20203e-009 1.96923
3.40203e-009 1.98252
3.60203e-009 1.98584
3.80203e-009 1.99248
4.00203e-009 1.9958
4.20203e-009 2.00244
4.40203e-009 2.00576
4.60203e-009 2.0124
4.80203e-009 2.01905
5.00203e-009 2.01905
5.20203e-009 2.02237
5.40203e-009 2.02569
5.60203e-009 2.03233
5.80203e-009 2.03233
6.00203e-009 2.03233
6.20203e-009 2.03233
6.40203e-009 2.03233
6.60203e-009 2.03897
6.80203e-009 2.03565
7.00203e-009 2.03565
7.20203e-009 2.03233
7.40203e-009 2.03565
7.60203e-009 2.03565
7.80203e-009 2.03233
8.00203e-009 2.03233
8.20203e-009 2.02569
8.40203e-009 2.02237
8.60203e-009 2.01905
8.80203e-009 2.01573
9.00203e-009 2.01905
9.20203e-009 2.0124
9.40203e-009 2.00576
9.60203e-009 2.00576
9.80203e-009 1.99912
1.0002e-008 1.9958
1.0202e-008 1.98916
1.0402e-008 1.98584
1.0602e-008 1.9792
1.0802e-008 1.97255
1.1002e-008 1.97255
1.1202e-008 1.96259
1.1402e-008 1.95927
1.1602e-008 1.95595
1.1802e-008 1.94599
1.2002e-008 1.94267
1.2202e-008 1.93934
1.2402e-008 1.9327
1.2602e-008 1.92606
1.2802e-008 1.9161
1.3002e-008 1.90946
1.3202e-008 1.90613
1.3402e-008 1.89617
1.3602e-008 1.88953
1.3802e-008 1.88621
1.4002e-008 1.88289
1.4202e-008 1.87293
1.4402e-008 1.86628
1.4602e-008 1.86296
1.4802e-008 1.85632
1.5002e-008 1.84968
1.5202e-008 1.84304
1.5402e-008 1.83972
1.5602e-008 1.83307
1.5802e-008 1.82975
1.6002e-008 1.81979
1.6202e-008 1.81979
1.6402e-008 1.80983
1.6602e-008 1.80319
1.6802e-008 1.79654
1.7002e-008 1.78658
1.7202e-008 1.78658
1.7402e-008 1.77662
1.7602e-008 1.77662
1.7802e-008 1.7733
1.8002e-008 1.76998
1.8202e-008 1.76333
1.8402e-008 1.76001
1.8602e-008 1.75337
1.8802e-008 1.75005
1.9002e-008 1.74341
1.9202e-008 1.74341
1.9402e-008 1.73677
1.9602e-008 1.73013
1.9802e-008 1.7268
2.0002e-008 1.72016
2.0202e-008 1.72348
2.0402e-008 1.7102
2.0602e-008 1.70688
2.0802e-008 1.70356
2.1002e-008 1.70688
2.1202e-008 1.69692
2.1402e-008 1.6936
2.1602e-008 1.6936
2.1802e-008 1.6936
2.2002e-008 1.68363
2.2202e-008 1.68031
2.2402e-008 1.67699
2.2602e-008 1.67367
2.2802e-008 1.67699
2.3002e-008 1.66703
2.3202e-008 1.67035
2.3402e-008 1.66703
2.3602e-008 1.66371
2.3802e-008 1.66039
2.4002e-008 1.66039
2.4202e-008 1.65374
2.4402e-008 1.65374
2.4602e-008 1.65042
2.4802e-008 1.6471
2.5002e-008 1.6471
2.5202e-008 1.6471
2.5402e-008 1.64046
2.5602e-008 1.63714
2.5802e-008 1.63714
2.6002e-008 1.63714
2.6202e-008 1.63714
2.6402e-008 1.63382
2.6602e-008 1.63382
2.6802e-008 1.6305
2.7002e-008 1.62718
2.7202e-008 1.62386
2.7402e-008 1.62053
2.7602e-008 1.62718
2.7802e-008 1.62718
2.8002e-008 1.62718
2.8202e-008 1.62386
2.8402e-008 1.62053
2.8602e-008 1.61721
2.8802e-008 1.62053
2.9002e-008 1.61721
2.9202e-008 1.61389
2.9402e-008 1.61721
2.9602e-008 1.61389
2.9802e-008 1.61389
3.0002e-008 1.61057
3.0202e-008 1.61057
3.0402e-008 1.61057
3.0602e-008 1.61057
3.0802e-008 1.61057
3.1002e-008 1.61389
3.1202e-008 1.60725
3.1402e-008 1.60725
3.1602e-008 1.60393
3.1802e-008 1.60393
3.2002e-008 1.60725
3.2202e-008 1.60061
3.2402e-008 1.60393
3.2602e-008 1.60061
3.2802e-008 1.60393
3.3002e-008 1.60061
3.3202e-008 1.60393
3.3402e-008 1.60725
3.3602e-008 1.60725
3.3802e-008 1.60061
3.4002e-008 1.60393
3.4202e-008 1.60393
3.4402e-008 1.59729
3.4602e-008 1.60061
3.4802e-008 1.60393
3.5002e-008 1.60393
3.5202e-008 1.60061
3.5402e-008 1.60061
3.5602e-008 1.60393
3.5802e-008 1.60061
3.6002e-008 1.60061
3.6202e-008 1.60061
3.6402e-008 1.60393
3.6602e-008 1.59729
3.6802e-008 1.60061
3.7002e-008 1.60061
3.7202e-008 1.60061
3.7402e-008 1.60061
3.7602e-008 1.60393
3.7802e-008 1.60393
3.8002e-008 1.60393
3.8202e-008 1.60061
3.8402e-008 1.60725
3.8602e-008 1.60393
3.8802e-008 1.60725
3.9002e-008 1.60725
3.9202e-008 1.60393
3.9402e-008 1.60725
3.9602e-008 1.60393
3.9802e-008 1.60725
4.0002e-008 1.60393
4.0202e-008 1.60393
4.0402e-008 1.60061
4.0602e-008 1.60393
4.0802e-008 1.60393
4.1002e-008 1.60061
4.1202e-008 1.60393
4.1402e-008 1.60061
4.1602e-008 1.60393
4.1802e-008 1.60393
4.2002e-008 1.60393
4.2202e-008 1.60061
4.2402e-008 1.60725
4.2602e-008 1.60393
4.2802e-008 1.60725
4.3002e-008 1.60725
4.3202e-008 1.61057
4.3402e-008 1.61389
4.3602e-008 1.61057
4.3802e-008 1.61389
4.4002e-008 1.61389
4.4202e-008 1.61389
4.4402e-008 1.61389
4.4602e-008 1.61389
4.4802e-008 1.61057
4.5002e-008 1.61057
4.5202e-008 1.61057
4.5402e-008 1.60725
4.5602e-008 1.61057
4.5802e-008 1.61389
4.6002e-008 1.61389
4.6202e-008 1.61389
4.6402e-008 1.61389
4.6602e-008 1.61057
4.6802e-008 1.61057
4.7002e-008 1.61057
4.7202e-008 1.61389
4.7402e-008 1.61721
4.7602e-008 1.62053
4.7802e-008 1.62053
4.8002e-008 1.62053
4.8202e-008 1.61721
4.8402e-008 1.61721
4.8602e-008 1.62053
4.8802e-008 1.61389
4.9002e-008 1.61389
4.9202e-008 1.61721
4.9402e-008 1.61721
4.9602e-008 1.62386
4.9802e-008 1.62386
5.0002e-008 1.62386
5.0202e-008 1.62053
5.0402e-008 1.62053
5.0602e-008 1.61721
5.0802e-008 1.62386
5.1002e-008 1.62053
5.1202e-008 1.62386
5.1402e-008 1.62053
5.1602e-008 1.62386
5.1802e-008 1.62053
5.2002e-008 1.62053
5.2202e-008 1.62053
5.2402e-008 1.61721
5.2602e-008 1.62386
5.2802e-008 1.62386
5.3002e-008 1.62386
5.3202e-008 1.62386
5.3402e-008 1.62386
5.3602e-008 1.62386
5.3802e-008 1.62053
5.4002e-008 1.62053
5.4202e-008 1.62053
5.4402e-008 1.62718
5.4602e-008 1.62053
5.4802e-008 1.62718
5.5002e-008 1.62718
5.5202e-008 1.62386
5.5402e-008 1.62386
5.5602e-008 1.62386
5.5802e-008 1.62053
5.6002e-008 1.61721
5.6202e-008 1.62053
5.6402e-008 1.62386
5.6602e-008 1.61721
5.6802e-008 1.61721
5.7002e-008 1.62053
5.7202e-008 1.62386
5.7402e-008 1.62386
5.7602e-008 1.62718
5.7802e-008 1.62386
5.8002e-008 1.6305
5.8202e-008 1.62718
5.8402e-008 1.6305
5.8602e-008 1.62718
5.8802e-008 1.6305
5.9002e-008 1.6305
5.9202e-008 1.6305
5.9402e-008 1.6305
5.9602e-008 1.62718
5.9802e-008 1.62386
6.0002e-008 1.6305
6.0202e-008 1.62386
6.0402e-008 1.6305
6.0602e-008 1.6305
6.0802e-008 1.6305
6.1002e-008 1.6305
6.1202e-008 1.63382
6.1402e-008 1.62718
6.1602e-008 1.6305
6.1802e-008 1.6305
6.2002e-008 1.6305
6.2202e-008 1.6305
6.2402e-008 1.6305
6.2602e-008 1.63382
6.2802e-008 1.63382
6.3002e-008 1.62718
6.3202e-008 1.6305
6.3402e-008 1.6305
6.3602e-008 1.6305
6.3802e-008 1.62718
6.4002e-008 1.6305
6.4202e-008 1.62718
6.4402e-008 1.6305
6.4602e-008 1.62718
6.4802e-008 1.63714
6.5002e-008 1.6305
6.5202e-008 1.63382
6.5402e-008 1.6305
6.5602e-008 1.6305
6.5802e-008 1.6305
6.6002e-008 1.63714
6.6202e-008 1.63382
6.6402e-008 1.63382
6.6602e-008 1.6305
6.6802e-008 1.63382
6.7002e-008 1.6305
6.7202e-008 1.6305
6.7402e-008 1.63382
6.7602e-008 1.63382
6.7802e-008 1.6305
6.8002e-008 1.63382
6.8202e-008 1.63714
6.8402e-008 1.63714
6.8602e-008 1.63382
6.8802e-008 1.63714
6.9002e-008 1.63382
6.9202e-008 1.63382
6.9402e-008 1.63382
6.9602e-008 1.63714
6.9802e-008 1.63382
7.0002e-008 1.63382
7.0202e-008 1.63714
7.0402e-008 1.63382
7.0602e-008 1.6305
7.0802e-008 1.6305
7.1002e-008 1.6305
7.1202e-008 1.63382
7.1402e-008 1.6305
7.1602e-008 1.63714
7.1802e-008 1.63382
7.2002e-008 1.63714
7.2202e-008 1.63714
7.2402e-008 1.63714
7.2602e-008 1.63714
7.2802e-008 1.64046
7.3002e-008 1.63382
7.3202e-008 1.63714
7.3402e-008 1.63714
7.3602e-008 1.63714
7.3802e-008 1.63714
7.4002e-008 1.63714
7.4202e-008 1.63714
7.4402e-008 1.63714
7.4602e-008 1.63714
7.4802e-008 1.63714
7.5002e-008 1.64046
7.5202e-008 1.63714
7.5402e-008 1.63714
7.5602e-008 1.63714
7.5802e-008 1.63714
7.6002e-008 1.64046
7.6202e-008 1.64046
7.6402e-008 1.64046
7.6602e-008 1.64046
7.6802e-008 1.64378
7.7002e-008 1.64046
7.7202e-008 1.64378
7.7402e-008 1.64046
7.7602e-008 1.64046
7.7802e-008 1.63714
7.8002e-008 1.64046
7.8202e-008 1.64046
7.8402e-008 1.64378
7.8602e-008 1.64046
7.8802e-008 1.64046
7.9002e-008 1.64046
7.9202e-008 1.64046
7.9402e-008 1.63714
7.9602e-008 1.64378
7.9802e-008 1.64378
8.0002e-008 1.64046
8.0202e-008 1.63714
8.0402e-008 1.64378
8.0602e-008 1.63714
8.0802e-008 1.64046
8.1002e-008 1.64378
8.1202e-008 1.64046
8.1402e-008 1.64378
8.1602e-008 1.64046
8.1802e-008 1.64046
8.2002e-008 1.63714
8.2202e-008 1.63714
8.2402e-008 1.64378
8.2602e-008 1.63714
8.2802e-008 1.63714
8.3002e-008 1.63714
8.3202e-008 1.64046
8.3402e-008 1.63714
8.3602e-008 1.64046
8.3802e-008 1.63714
8.4002e-008 1.64046
8.4202e-008 1.63714
8.4402e-008 1.64046
8.4602e-008 1.63714
8.4802e-008 1.64046
8.5002e-008 1.63714
8.5202e-008 1.63714
8.5402e-008 1.63382
8.5602e-008 1.64046
8.5802e-008 1.63714
8.6002e-008 1.63382
8.6202e-008 1.63714
8.6402e-008 1.63382
8.6602e-008 1.6305
8.6802e-008 1.6305
8.7002e-008 1.63382
8.7202e-008 1.63382
8.7402e-008 1.6305
8.7602e-008 1.63382
8.7802e-008 1.63714
8.8002e-008 1.63382
8.8202e-008 1.63382
8.8402e-008 1.63714
8.8602e-008 1.63714
8.8802e-008 1.63714
8.9002e-008 1.63382
8.9202e-008 1.63382
8.9402e-008 1.6305
8.9602e-008 1.63382
8.9802e-008 1.63382
9.0002e-008 1.62718
9.0202e-008 1.6305
9.0402e-008 1.6305
9.0602e-008 1.6305
9.0802e-008 1.6305
9.1002e-008 1.6305
9.1202e-008 1.6305
9.1402e-008 1.6305
9.1602e-008 1.63382
9.1802e-008 1.6305
9.2002e-008 1.63382
9.2202e-008 1.6305
9.2402e-008 1.6305
9.2602e-008 1.63382
9.2802e-008 1.63382
9.3002e-008 1.6305
9.3202e-008 1.63382
9.3402e-008 1.6305
9.3602e-008 1.63382
9.3802e-008 1.63714
9.4002e-008 1.63382
9.4202e-008 1.6305
9.4402e-008 1.63714
9.4602e-008 1.63382
9.4802e-008 1.63382
9.5002e-008 1.63382
9.5202e-008 1.6305
9.5402e-008 1.63382
9.5602e-008 1.63382
9.5802e-008 1.63382
9.6002e-008 1.6305
9.6202e-008 1.6305
9.6402e-008 1.63714
9.6602e-008 1.63714
9.6802e-008 1.63714
9.7002e-008 1.63382
9.7202e-008 1.64046
9.7402e-008 1.63382
9.7602e-008 1.63714
9.7802e-008 1.63382
9.8002e-008 1.6305
9.8202e-008 1.63382
9.8402e-008 1.63382
9.8602e-008 1.63382
9.8802e-008 1.6305
9.9002e-008 1.63382
9.9202e-008 1.63382
9.9402e-008 1.62718
9.9602e-008 1.63382
9.9802e-008 1.6305
1.00002e-007 1.63382
1.00202e-007 1.63382
1.00402e-007 1.6305
1.00602e-007 1.6305
1.00802e-007 1.63382
1.01002e-007 1.63382
1.01202e-007 1.63714
1.01402e-007 1.64046
1.01602e-007 1.63714
1.01802e-007 1.6305
1.02002e-007 1.63714
1.02202e-007 1.63714
1.02402e-007 1.64046
1.02602e-007 1.63714
1.02802e-007 1.63714
1.03002e-007 1.63382
1.03202e-007 1.63714
1.03402e-007 1.63714
1.03602e-007 1.63382
1.03802e-007 1.63714
1.04002e-007 1.63714
1.04202e-007 1.6305
1.04402e-007 1.63382
1.04602e-007 1.6305
1.04802e-007 1.63382
1.05002e-007 1.63382
1.05202e-007 1.63714
1.05402e-007 1.63382
1.05602e-007 1.63714
1.05802e-007 1.63714
1.06002e-007 1.63714
1.06202e-007 1.63714
1.06402e-007 1.63714
1.06602e-007 1.63382
1.06802e-007 1.6305
1.07002e-007 1.63382
1.07202e-007 1.63714
1.07402e-007 1.63714
1.07602e-007 1.63714
1.07802e-007 1.63714
1.08002e-007 1.64046
1.08202e-007 1.63714
1.08402e-007 1.64046
1.08602e-007 1.63714
1.08802e-007 1.64378
1.09002e-007 1.63714
1.09202e-007 1.64046
1.09402e-007 1.63714
1.09602e-007 1.63714
1.09802e-007 1.63714
1.10002e-007 1.63714
1.10202e-007 1.63714
1.10402e-007 1.63714
1.10602e-007 1.63714
1.10802e-007 1.63714
1.11002e-007 1.63382
1.11202e-007 1.63382
1.11402e-007 1.63714
1.11602e-007 1.64046
1.11802e-007 1.64046
1.12002e-007 1.64378
1.12202e-007 1.63714
1.12402e-007 1.64046
1.12602e-007 1.64378
1.12802e-007 1.64046
1.13002e-007 1.64046
1.13202e-007 1.64046
1.13402e-007 1.64046
1.13602e-007 1.63714
1.13802e-007 1.63382
1.14002e-007 1.64046
1.14202e-007 1.63382
1.14402e-007 1.63714
1.14602e-007 1.64046
1.14802e-007 1.63714
1.15002e-007 1.64046
1.15202e-007 1.63714
1.15402e-007 1.64046
1.15602e-007 1.64378
1.15802e-007 1.6471
1.16002e-007 1.64378
1.16202e-007 1.64046
1.16402e-007 1.64046
1.16602e-007 1.64046
1.16802e-007 1.64378
1.17002e-007 1.64378
1.17202e-007 1.64378
1.17402e-007 1.64046
1.17602e-007 1.64378
1.17802e-007 1.64378
1.18002e-007 1.64046
1.18202e-007 1.64046
1.18402e-007 1.64046
1.18602e-007 1.64378
1.18802e-007 1.64046
1.19002e-007 1.64378
1.19202e-007 1.64378
1.19402e-007 1.64046
1.19602e-007 1.64378
1.19802e-007 1.6471
1.20002e-007 1.64378
1.20202e-007 1.64046
1.20402e-007 1.64046
1.20602e-007 1.64378
1.20802e-007 1.64378
1.21002e-007 1.64046
1.21202e-007 1.64378
1.21402e-007 1.64378
1.21602e-007 1.64378
1.21802e-007 1.64046
1.22002e-007 1.64046
1.22202e-007 1.64046
1.22402e-007 1.64378
1.22602e-007 1.64378
1.22802e-007 1.64378
1.23002e-007 1.64046
1.23202e-007 1.64378
1.23402e-007 1.64046
1.23602e-007 1.64378
1.23802e-007 1.64046
1.24002e-007 1.63714
1.24202e-007 1.63714
1.24402e-007 1.64046
1.24602e-007 1.64046
1.24802e-007 1.64378
1.25002e-007 1.64046
1.25202e-007 1.64046
1.25402e-007 1.63714
1.25602e-007 1.64378
1.25802e-007 1.64046
1.26002e-007 1.64378
1.26202e-007 1.64046
1.26402e-007 1.6471
1.26602e-007 1.64046
1.26802e-007 1.64378
1.27002e-007 1.64378
1.27202e-007 1.64378
1.27402e-007 1.64378
1.27602e-007 1.63714
1.27802e-007 1.63714
1.28002e-007 1.64046
1.28202e-007 1.63714
1.28402e-007 1.63714
1.28602e-007 1.64046
1.28802e-007 1.6471
1.29002e-007 1.64046
1.29202e-007 1.6471
1.29402e-007 1.64378
1.29602e-007 1.6471
1.29802e-007 1.64378
1.30002e-007 1.6471
1.30202e-007 1.64046
1.30402e-007 1.64378
1.30602e-007 1.63714
1.30802e-007 1.64378
1.31002e-007 1.64046
1.31202e-007 1.64046
1.31402e-007 1.64046
1.31602e-007 1.64046
1.31802e-007 1.63714
1.32002e-007 1.64046
1.32202e-007 1.63714
1.32402e-007 1.63714
1.32602e-007 1.63714
1.32802e-007 1.64378
1.33002e-007 1.63714
1.33202e-007 1.64378
1.33402e-007 1.64378
1.33602e-007 1.64046
1.33802e-007 1.64046
1.34002e-007 1.64378
1.34202e-007 1.64378
1.34402e-007 1.64378
1.34602e-007 1.64378
1.34802e-007 1.65042
1.35002e-007 1.6471
1.35202e-007 1.6471
1.35402e-007 1.64378
1.35602e-007 1.64378
1.35802e-007 1.64378
1.36002e-007 1.6471
1.36202e-007 1.64378
1.36402e-007 1.64378
1.36602e-007 1.64046
1.36802e-007 1.64378
1.37002e-007 1.64046
1.37202e-007 1.64046
1.37402e-007 1.63714
1.37602e-007 1.64378
1.37802e-007 1.64046
1.38002e-007 1.64378
1.38202e-007 1.64378
1.38402e-007 1.64046
1.38602e-007 1.64378
1.38802e-007 1.6471
1.39002e-007 1.64378
1.39202e-007 1.64378
1.39402e-007 1.64046
1.39602e-007 1.64378
1.39802e-007 1.64378
1.40002e-007 1.64378
1.40202e-007 1.64046
1.40402e-007 1.64046
1.40602e-007 1.64378
1.40802e-007 1.6471
1.41002e-007 1.64046
1.41202e-007 1.64378
1.41402e-007 1.64046
1.41602e-007 1.64378
1.41802e-007 1.64378
1.42002e-007 1.6471
1.42202e-007 1.64378
1.42402e-007 1.64378
1.42602e-007 1.64046
1.42802e-007 1.64046
1.43002e-007 1.64046
1.43202e-007 1.64046
1.43402e-007 1.64046
1.43602e-007 1.64378
1.43802e-007 1.64046
1.44002e-007 1.64046
1.44202e-007 1.64046
1.44402e-007 1.64378
1.44602e-007 1.64378
1.44802e-007 1.64378
1.45002e-007 1.64046
1.45202e-007 1.6471
1.45402e-007 1.64378
1.45602e-007 1.64378
1.45802e-007 1.64378
1.46002e-007 1.64378
1.46202e-007 1.64378
1.46402e-007 1.64378
1.46602e-007 1.64378
1.46802e-007 1.6471
1.47002e-007 1.64378
1.47202e-007 1.64046
1.47402e-007 1.64046
1.47602e-007 1.6471
1.47802e-007 1.64378
1.48002e-007 1.64378
1.48202e-007 1.64046
1.48402e-007 1.6471
