LECROYWS44MXs-B 69584 Waveform
Segments 1 SegmentSize 1002
Segment TrigTime TimeSinceSegment1
#1 23-Jun-2015 22:43:11 0                 
Time Ampl
-5.17067e-008 1.64378
-5.15067e-008 1.6471
-5.13067e-008 1.6471
-5.11067e-008 1.6471
-5.09067e-008 1.6471
-5.07067e-008 1.65042
-5.05067e-008 1.64378
-5.03067e-008 1.64378
-5.01067e-008 1.64378
-4.99067e-008 1.64378
-4.97067e-008 1.6471
-4.95067e-008 1.6471
-4.93067e-008 1.65042
-4.91067e-008 1.64378
-4.89067e-008 1.65374
-4.87067e-008 1.65042
-4.85067e-008 1.65042
-4.83067e-008 1.65042
-4.81067e-008 1.65042
-4.79067e-008 1.65042
-4.77067e-008 1.65042
-4.75067e-008 1.6471
-4.73067e-008 1.64378
-4.71067e-008 1.64378
-4.69067e-008 1.6471
-4.67067e-008 1.64378
-4.65067e-008 1.6471
-4.63067e-008 1.64378
-4.61067e-008 1.6471
-4.59067e-008 1.64378
-4.57067e-008 1.6471
-4.55067e-008 1.6471
-4.53067e-008 1.65042
-4.51067e-008 1.65042
-4.49067e-008 1.65042
-4.47067e-008 1.65042
-4.45067e-008 1.65042
-4.43067e-008 1.65042
-4.41067e-008 1.6471
-4.39067e-008 1.64378
-4.37067e-008 1.65042
-4.35067e-008 1.64378
-4.33067e-008 1.6471
-4.31067e-008 1.6471
-4.29067e-008 1.65374
-4.27067e-008 1.65042
-4.25067e-008 1.65374
-4.23067e-008 1.65042
-4.21067e-008 1.65042
-4.19067e-008 1.65042
-4.17067e-008 1.65042
-4.15067e-008 1.65042
-4.13067e-008 1.65042
-4.11067e-008 1.65042
-4.09067e-008 1.6471
-4.07067e-008 1.6471
-4.05067e-008 1.64378
-4.03067e-008 1.65042
-4.01067e-008 1.6471
-3.99067e-008 1.6471
-3.97067e-008 1.65042
-3.95067e-008 1.65042
-3.93067e-008 1.65042
-3.91067e-008 1.6471
-3.89067e-008 1.64378
-3.87067e-008 1.64378
-3.85067e-008 1.6471
-3.83067e-008 1.65042
-3.81067e-008 1.65374
-3.79067e-008 1.65042
-3.77067e-008 1.65042
-3.75067e-008 1.6471
-3.73067e-008 1.65042
-3.71067e-008 1.65042
-3.69067e-008 1.65042
-3.67067e-008 1.65042
-3.65067e-008 1.65374
-3.63067e-008 1.6471
-3.61067e-008 1.65374
-3.59067e-008 1.65042
-3.57067e-008 1.6471
-3.55067e-008 1.6471
-3.53067e-008 1.65042
-3.51067e-008 1.6471
-3.49067e-008 1.65042
-3.47067e-008 1.6471
-3.45067e-008 1.65042
-3.43067e-008 1.65042
-3.41067e-008 1.65042
-3.39067e-008 1.6471
-3.37067e-008 1.6471
-3.35067e-008 1.65042
-3.33067e-008 1.65042
-3.31067e-008 1.6471
-3.29067e-008 1.6471
-3.27067e-008 1.6471
-3.25067e-008 1.6471
-3.23067e-008 1.64378
-3.21067e-008 1.6471
-3.19067e-008 1.6471
-3.17067e-008 1.6471
-3.15067e-008 1.64378
-3.13067e-008 1.65042
-3.11067e-008 1.6471
-3.09067e-008 1.6471
-3.07067e-008 1.6471
-3.05067e-008 1.6471
-3.03067e-008 1.64378
-3.01067e-008 1.6471
-2.99067e-008 1.64378
-2.97067e-008 1.6471
-2.95067e-008 1.65042
-2.93067e-008 1.65042
-2.91067e-008 1.6471
-2.89067e-008 1.6471
-2.87067e-008 1.6471
-2.85067e-008 1.65042
-2.83067e-008 1.65042
-2.81067e-008 1.65374
-2.79067e-008 1.6471
-2.77067e-008 1.65042
-2.75067e-008 1.6471
-2.73067e-008 1.65042
-2.71067e-008 1.6471
-2.69067e-008 1.6471
-2.67067e-008 1.6471
-2.65067e-008 1.65042
-2.63067e-008 1.6471
-2.61067e-008 1.65042
-2.59067e-008 1.65042
-2.57067e-008 1.65042
-2.55067e-008 1.6471
-2.53067e-008 1.6471
-2.51067e-008 1.6471
-2.49067e-008 1.65042
-2.47067e-008 1.65042
-2.45067e-008 1.6471
-2.43067e-008 1.6471
-2.41067e-008 1.6471
-2.39067e-008 1.64046
-2.37067e-008 1.6471
-2.35067e-008 1.6471
-2.33067e-008 1.6471
-2.31067e-008 1.6471
-2.29067e-008 1.64378
-2.27067e-008 1.64378
-2.25067e-008 1.6471
-2.23067e-008 1.64378
-2.21067e-008 1.6471
-2.19067e-008 1.6471
-2.17067e-008 1.65042
-2.15067e-008 1.64378
-2.13067e-008 1.6471
-2.11067e-008 1.6471
-2.09067e-008 1.6471
-2.07067e-008 1.6471
-2.05067e-008 1.6471
-2.03067e-008 1.64378
-2.01067e-008 1.65374
-1.99067e-008 1.65042
-1.97067e-008 1.65042
-1.95067e-008 1.6471
-1.93067e-008 1.65042
-1.91067e-008 1.6471
-1.89067e-008 1.6471
-1.87067e-008 1.65042
-1.85067e-008 1.65042
-1.83067e-008 1.65042
-1.81067e-008 1.6471
-1.79067e-008 1.65042
-1.77067e-008 1.6471
-1.75067e-008 1.65042
-1.73067e-008 1.6471
-1.71067e-008 1.64378
-1.69067e-008 1.6471
-1.67067e-008 1.64378
-1.65067e-008 1.6471
-1.63067e-008 1.64046
-1.61067e-008 1.6471
-1.59067e-008 1.6471
-1.57067e-008 1.65042
-1.55067e-008 1.6471
-1.53067e-008 1.6471
-1.51067e-008 1.64378
-1.49067e-008 1.65042
-1.47067e-008 1.6471
-1.45067e-008 1.6471
-1.43067e-008 1.64378
-1.41067e-008 1.6471
-1.39067e-008 1.65042
-1.37067e-008 1.6471
-1.35067e-008 1.64378
-1.33067e-008 1.64378
-1.31067e-008 1.64378
-1.29067e-008 1.65042
-1.27067e-008 1.65042
-1.25067e-008 1.6471
-1.23067e-008 1.64378
-1.21067e-008 1.6471
-1.19067e-008 1.6471
-1.17067e-008 1.65042
-1.15067e-008 1.6471
-1.13067e-008 1.65042
-1.11067e-008 1.65042
-1.09067e-008 1.6471
-1.07067e-008 1.65042
-1.05067e-008 1.65042
-1.03067e-008 1.6471
-1.01067e-008 1.65042
-9.90672e-009 1.64378
-9.70672e-009 1.65042
-9.50672e-009 1.6471
-9.30672e-009 1.65042
-9.10672e-009 1.64378
-8.90672e-009 1.6471
-8.70672e-009 1.6471
-8.50672e-009 1.6471
-8.30672e-009 1.6471
-8.10672e-009 1.65042
-7.90672e-009 1.6471
-7.70672e-009 1.6471
-7.50672e-009 1.65042
-7.30672e-009 1.65042
-7.10672e-009 1.65042
-6.90672e-009 1.65374
-6.70672e-009 1.65042
-6.50672e-009 1.65706
-6.30672e-009 1.65374
-6.10672e-009 1.65706
-5.90672e-009 1.65706
-5.70672e-009 1.65706
-5.50672e-009 1.66039
-5.30672e-009 1.66371
-5.10672e-009 1.66039
-4.90672e-009 1.66039
-4.70672e-009 1.66703
-4.50672e-009 1.67035
-4.30672e-009 1.67367
-4.10672e-009 1.68031
-3.90672e-009 1.67699
-3.70672e-009 1.68695
-3.50672e-009 1.69692
-3.30672e-009 1.70024
-3.10672e-009 1.70688
-2.90672e-009 1.7102
-2.70672e-009 1.71684
-2.50672e-009 1.72016
-2.30672e-009 1.7268
-2.10672e-009 1.73345
-1.90672e-009 1.74341
-1.70672e-009 1.75005
-1.50672e-009 1.75669
-1.30672e-009 1.76998
-1.10672e-009 1.77662
-9.06722e-010 1.78658
-7.06722e-010 1.79322
-5.06722e-010 1.79987
-3.06722e-010 1.80319
-1.06722e-010 1.81315
9.32782e-011 1.82643
2.93278e-010 1.82643
4.93278e-010 1.8364
6.93278e-010 1.84968
8.93278e-010 1.85632
1.09328e-009 1.86628
1.29328e-009 1.87293
1.49328e-009 1.87957
1.69328e-009 1.88289
1.89328e-009 1.89617
2.09328e-009 1.89949
2.29328e-009 1.90613
2.49328e-009 1.91278
2.69328e-009 1.92606
2.89328e-009 1.9327
3.09328e-009 1.93602
3.29328e-009 1.94267
3.49328e-009 1.94931
3.69328e-009 1.95595
3.89328e-009 1.95595
4.09328e-009 1.96259
4.29328e-009 1.96259
4.49328e-009 1.96923
4.69328e-009 1.96923
4.89328e-009 1.97587
5.09328e-009 1.9792
5.29328e-009 1.98252
5.49328e-009 1.9792
5.69328e-009 1.98252
5.89328e-009 1.98252
6.09328e-009 1.98584
6.29328e-009 1.98252
6.49328e-009 1.99248
6.69328e-009 1.99248
6.89328e-009 1.9958
7.09328e-009 1.9958
7.29328e-009 1.9958
7.49328e-009 1.99248
7.69328e-009 1.9958
7.89328e-009 1.98916
8.09328e-009 1.99248
8.29328e-009 1.98916
8.49328e-009 1.98916
8.69328e-009 1.98584
8.89328e-009 1.98252
9.09328e-009 1.98252
9.29328e-009 1.9792
9.49328e-009 1.9792
9.69328e-009 1.97587
9.89328e-009 1.97255
1.00933e-008 1.96923
1.02933e-008 1.96591
1.04933e-008 1.96259
1.06933e-008 1.95927
1.08933e-008 1.95927
1.10933e-008 1.95263
1.12933e-008 1.94931
1.14933e-008 1.94599
1.16933e-008 1.94267
1.18933e-008 1.93934
1.20933e-008 1.94267
1.22933e-008 1.92938
1.24933e-008 1.92606
1.26933e-008 1.92274
1.28933e-008 1.9161
1.30933e-008 1.90946
1.32933e-008 1.90613
1.34933e-008 1.89949
1.36933e-008 1.89617
1.38933e-008 1.89617
1.40933e-008 1.88953
1.42933e-008 1.88289
1.44933e-008 1.88289
1.46933e-008 1.87625
1.48933e-008 1.87293
1.50933e-008 1.8696
1.52933e-008 1.86296
1.54933e-008 1.86296
1.56933e-008 1.85632
1.58933e-008 1.85964
1.60933e-008 1.84968
1.62933e-008 1.84304
1.64933e-008 1.8364
1.66933e-008 1.8364
1.68933e-008 1.8364
1.70933e-008 1.82975
1.72933e-008 1.81979
1.74933e-008 1.81979
1.76933e-008 1.81315
1.78933e-008 1.80983
1.80933e-008 1.80651
1.82933e-008 1.79987
1.84933e-008 1.79987
1.86933e-008 1.79322
1.88933e-008 1.7899
1.90933e-008 1.78326
1.92933e-008 1.77994
1.94933e-008 1.77994
1.96933e-008 1.77662
1.98933e-008 1.77662
2.00933e-008 1.76998
2.02933e-008 1.76998
2.04933e-008 1.76998
2.06933e-008 1.76001
2.08933e-008 1.75669
2.10933e-008 1.75337
2.12933e-008 1.75005
2.14933e-008 1.74341
2.16933e-008 1.74009
2.18933e-008 1.74009
2.20933e-008 1.73677
2.22933e-008 1.73013
2.24933e-008 1.73013
2.26933e-008 1.73013
2.28933e-008 1.72348
2.30933e-008 1.72016
2.32933e-008 1.71684
2.34933e-008 1.71684
2.36933e-008 1.72016
2.38933e-008 1.71684
2.40933e-008 1.7102
2.42933e-008 1.7102
2.44933e-008 1.70688
2.46933e-008 1.70356
2.48933e-008 1.70688
2.50933e-008 1.70024
2.52933e-008 1.69692
2.54933e-008 1.69027
2.56933e-008 1.69692
2.58933e-008 1.68695
2.60933e-008 1.68695
2.62933e-008 1.68031
2.64933e-008 1.68363
2.66933e-008 1.68031
2.68933e-008 1.68031
2.70933e-008 1.67367
2.72933e-008 1.67699
2.74933e-008 1.66703
2.76933e-008 1.66703
2.78933e-008 1.67035
2.80933e-008 1.66371
2.82933e-008 1.66371
2.84933e-008 1.66371
2.86933e-008 1.66371
2.88933e-008 1.66371
2.90933e-008 1.66703
2.92933e-008 1.66039
2.94933e-008 1.66371
2.96933e-008 1.66039
2.98933e-008 1.66371
3.00933e-008 1.65374
3.02933e-008 1.66039
3.04933e-008 1.65374
3.06933e-008 1.65042
3.08933e-008 1.65042
3.10933e-008 1.65374
3.12933e-008 1.65042
3.14933e-008 1.6471
3.16933e-008 1.64378
3.18933e-008 1.6471
3.20933e-008 1.6471
3.22933e-008 1.64046
3.24933e-008 1.64378
3.26933e-008 1.64378
3.28933e-008 1.64378
3.30933e-008 1.6471
3.32933e-008 1.64378
3.34933e-008 1.65042
3.36933e-008 1.6471
3.38933e-008 1.65042
3.40933e-008 1.64046
3.42933e-008 1.64378
3.44933e-008 1.64378
3.46933e-008 1.64378
3.48933e-008 1.63714
3.50933e-008 1.64046
3.52933e-008 1.63382
3.54933e-008 1.63382
3.56933e-008 1.64046
3.58933e-008 1.63382
3.60933e-008 1.63382
3.62933e-008 1.63714
3.64933e-008 1.63382
3.66933e-008 1.63382
3.68933e-008 1.6305
3.70933e-008 1.63382
3.72933e-008 1.63382
3.74933e-008 1.63714
3.76933e-008 1.63382
3.78933e-008 1.63714
3.80933e-008 1.63382
3.82933e-008 1.63714
3.84933e-008 1.63714
3.86933e-008 1.63382
3.88933e-008 1.63382
3.90933e-008 1.63382
3.92933e-008 1.6305
3.94933e-008 1.63714
3.96933e-008 1.62718
3.98933e-008 1.6305
4.00933e-008 1.62386
4.02933e-008 1.6305
4.04933e-008 1.6305
4.06933e-008 1.6305
4.08933e-008 1.62718
4.10933e-008 1.62718
4.12933e-008 1.6305
4.14933e-008 1.6305
4.16933e-008 1.6305
4.18933e-008 1.6305
4.20933e-008 1.63382
4.22933e-008 1.6305
4.24933e-008 1.6305
4.26933e-008 1.6305
4.28933e-008 1.6305
4.30933e-008 1.62718
4.32933e-008 1.62718
4.34933e-008 1.6305
4.36933e-008 1.62386
4.38933e-008 1.62718
4.40933e-008 1.62386
4.42933e-008 1.6305
4.44933e-008 1.62386
4.46933e-008 1.62718
4.48933e-008 1.62386
4.50933e-008 1.63382
4.52933e-008 1.62718
4.54933e-008 1.62386
4.56933e-008 1.62718
4.58933e-008 1.6305
4.60933e-008 1.62718
4.62933e-008 1.6305
4.64933e-008 1.62718
4.66933e-008 1.62718
4.68933e-008 1.62718
4.70933e-008 1.62718
4.72933e-008 1.62386
4.74933e-008 1.62718
4.76933e-008 1.62718
4.78933e-008 1.6305
4.80933e-008 1.62718
4.82933e-008 1.6305
4.84933e-008 1.62718
4.86933e-008 1.62718
4.88933e-008 1.62718
4.90933e-008 1.62718
4.92933e-008 1.6305
4.94933e-008 1.62718
4.96933e-008 1.62718
4.98933e-008 1.62386
5.00933e-008 1.62386
5.02933e-008 1.6305
5.04933e-008 1.62718
5.06933e-008 1.6305
5.08933e-008 1.6305
5.10933e-008 1.62718
5.12933e-008 1.62718
5.14933e-008 1.62718
5.16933e-008 1.62386
5.18933e-008 1.62718
5.20933e-008 1.62718
5.22933e-008 1.62718
5.24933e-008 1.62718
5.26933e-008 1.62718
5.28933e-008 1.6305
5.30933e-008 1.62718
5.32933e-008 1.6305
5.34933e-008 1.6305
5.36933e-008 1.6305
5.38933e-008 1.6305
5.40933e-008 1.6305
5.42933e-008 1.6305
5.44933e-008 1.62718
5.46933e-008 1.62718
5.48933e-008 1.6305
5.50933e-008 1.6305
5.52933e-008 1.62718
5.54933e-008 1.6305
5.56933e-008 1.6305
5.58933e-008 1.62718
5.60933e-008 1.6305
5.62933e-008 1.6305
5.64933e-008 1.62718
5.66933e-008 1.6305
5.68933e-008 1.6305
5.70933e-008 1.63382
5.72933e-008 1.63382
5.74933e-008 1.6305
5.76933e-008 1.63714
5.78933e-008 1.63382
5.80933e-008 1.63714
5.82933e-008 1.63714
5.84933e-008 1.6305
5.86933e-008 1.63382
5.88933e-008 1.63382
5.90933e-008 1.63382
5.92933e-008 1.63382
5.94933e-008 1.6305
5.96933e-008 1.62718
5.98933e-008 1.6305
6.00933e-008 1.6305
6.02933e-008 1.6305
6.04933e-008 1.6305
6.06933e-008 1.6305
6.08933e-008 1.6305
6.10933e-008 1.6305
6.12933e-008 1.62718
6.14933e-008 1.63382
6.16933e-008 1.6305
6.18933e-008 1.63382
6.20933e-008 1.63382
6.22933e-008 1.63714
6.24933e-008 1.63382
6.26933e-008 1.63382
6.28933e-008 1.6305
6.30933e-008 1.6305
6.32933e-008 1.6305
6.34933e-008 1.63714
6.36933e-008 1.6305
6.38933e-008 1.6305
6.40933e-008 1.6305
6.42933e-008 1.63382
6.44933e-008 1.6305
6.46933e-008 1.63382
6.48933e-008 1.63382
6.50933e-008 1.63382
6.52933e-008 1.6305
6.54933e-008 1.63382
6.56933e-008 1.63382
6.58933e-008 1.63714
6.60933e-008 1.63382
6.62933e-008 1.63382
6.64933e-008 1.63382
6.66933e-008 1.63714
6.68933e-008 1.63714
6.70933e-008 1.63382
6.72933e-008 1.6305
6.74933e-008 1.63382
6.76933e-008 1.6305
6.78933e-008 1.63382
6.80933e-008 1.6305
6.82933e-008 1.63714
6.84933e-008 1.63382
6.86933e-008 1.63382
6.88933e-008 1.63382
6.90933e-008 1.63382
6.92933e-008 1.63714
6.94933e-008 1.64046
6.96933e-008 1.63714
6.98933e-008 1.64046
7.00933e-008 1.63714
7.02933e-008 1.63714
7.04933e-008 1.63714
7.06933e-008 1.63382
7.08933e-008 1.63714
7.10933e-008 1.63714
7.12933e-008 1.63714
7.14933e-008 1.63714
7.16933e-008 1.63714
7.18933e-008 1.63382
7.20933e-008 1.63382
7.22933e-008 1.63382
7.24933e-008 1.63714
7.26933e-008 1.63714
7.28933e-008 1.63714
7.30933e-008 1.64046
7.32933e-008 1.63714
7.34933e-008 1.63714
7.36933e-008 1.63714
7.38933e-008 1.64378
7.40933e-008 1.64046
7.42933e-008 1.64046
7.44933e-008 1.64046
7.46933e-008 1.64046
7.48933e-008 1.64378
7.50933e-008 1.64046
7.52933e-008 1.64378
7.54933e-008 1.64046
7.56933e-008 1.63714
7.58933e-008 1.64046
7.60933e-008 1.64378
7.62933e-008 1.64046
7.64933e-008 1.64378
7.66933e-008 1.64046
7.68933e-008 1.64046
7.70933e-008 1.64378
7.72933e-008 1.64378
7.74933e-008 1.64046
7.76933e-008 1.64046
7.78933e-008 1.64046
7.80933e-008 1.64046
7.82933e-008 1.63714
7.84933e-008 1.64046
7.86933e-008 1.63714
7.88933e-008 1.63714
7.90933e-008 1.6471
7.92933e-008 1.64046
7.94933e-008 1.64378
7.96933e-008 1.64046
7.98933e-008 1.64378
8.00933e-008 1.64378
8.02933e-008 1.64046
8.04933e-008 1.64046
8.06933e-008 1.64378
8.08933e-008 1.6471
8.10933e-008 1.64378
8.12933e-008 1.64046
8.14933e-008 1.64378
8.16933e-008 1.64046
8.18933e-008 1.64378
8.20933e-008 1.63714
8.22933e-008 1.64378
8.24933e-008 1.64378
8.26933e-008 1.64046
8.28933e-008 1.64046
8.30933e-008 1.64046
8.32933e-008 1.64046
8.34933e-008 1.64046
8.36933e-008 1.63714
8.38933e-008 1.64378
8.40933e-008 1.64046
8.42933e-008 1.64378
8.44933e-008 1.64046
8.46933e-008 1.63714
8.48933e-008 1.63382
8.50933e-008 1.63714
8.52933e-008 1.63714
8.54933e-008 1.63382
8.56933e-008 1.63714
8.58933e-008 1.63714
8.60933e-008 1.63714
8.62933e-008 1.63714
8.64933e-008 1.63714
8.66933e-008 1.63714
8.68933e-008 1.63714
8.70933e-008 1.63714
8.72933e-008 1.63382
8.74933e-008 1.63382
8.76933e-008 1.63714
8.78933e-008 1.63714
8.80933e-008 1.63714
8.82933e-008 1.6305
8.84933e-008 1.63382
8.86933e-008 1.63714
8.88933e-008 1.63382
8.90933e-008 1.6305
8.92933e-008 1.63382
8.94933e-008 1.63714
8.96933e-008 1.63714
8.98933e-008 1.63714
9.00933e-008 1.63714
9.02933e-008 1.63382
9.04933e-008 1.63714
9.06933e-008 1.63382
9.08933e-008 1.63714
9.10933e-008 1.63714
9.12933e-008 1.63382
9.14933e-008 1.63714
9.16933e-008 1.63382
9.18933e-008 1.63382
9.20933e-008 1.63382
9.22933e-008 1.6305
9.24933e-008 1.63382
9.26933e-008 1.63382
9.28933e-008 1.6305
9.30933e-008 1.63382
9.32933e-008 1.6305
9.34933e-008 1.63714
9.36933e-008 1.6305
9.38933e-008 1.63382
9.40933e-008 1.63382
9.42933e-008 1.63382
9.44933e-008 1.64046
9.46933e-008 1.63382
9.48933e-008 1.63382
9.50933e-008 1.63382
9.52933e-008 1.63382
9.54933e-008 1.63714
9.56933e-008 1.6305
9.58933e-008 1.63382
9.60933e-008 1.6305
9.62933e-008 1.62718
9.64933e-008 1.63382
9.66933e-008 1.6305
9.68933e-008 1.62718
9.70933e-008 1.63382
9.72933e-008 1.63382
9.74933e-008 1.6305
9.76933e-008 1.6305
9.78933e-008 1.63714
9.80933e-008 1.63714
9.82933e-008 1.64046
9.84933e-008 1.63382
9.86933e-008 1.63382
9.88933e-008 1.63382
9.90933e-008 1.63382
9.92933e-008 1.63382
9.94933e-008 1.63382
9.96933e-008 1.63714
9.98933e-008 1.63714
1.00093e-007 1.63382
1.00293e-007 1.63714
1.00493e-007 1.63382
1.00693e-007 1.63714
1.00893e-007 1.63382
1.01093e-007 1.63714
1.01293e-007 1.63382
1.01493e-007 1.63382
1.01693e-007 1.63714
1.01893e-007 1.63714
1.02093e-007 1.63382
1.02293e-007 1.6305
1.02493e-007 1.6305
1.02693e-007 1.63382
1.02893e-007 1.6305
1.03093e-007 1.63714
1.03293e-007 1.63382
1.03493e-007 1.6305
1.03693e-007 1.63382
1.03893e-007 1.63714
1.04093e-007 1.63714
1.04293e-007 1.63714
1.04493e-007 1.63714
1.04693e-007 1.63382
1.04893e-007 1.63714
1.05093e-007 1.63382
1.05293e-007 1.63714
1.05493e-007 1.63714
1.05693e-007 1.63714
1.05893e-007 1.63382
1.06093e-007 1.63714
1.06293e-007 1.63714
1.06493e-007 1.63714
1.06693e-007 1.64046
1.06893e-007 1.63714
1.07093e-007 1.64046
1.07293e-007 1.63714
1.07493e-007 1.63714
1.07693e-007 1.63382
1.07893e-007 1.63714
1.08093e-007 1.6305
1.08293e-007 1.63382
1.08493e-007 1.63382
1.08693e-007 1.63382
1.08893e-007 1.63382
1.09093e-007 1.63714
1.09293e-007 1.63382
1.09493e-007 1.64046
1.09693e-007 1.63714
1.09893e-007 1.64046
1.10093e-007 1.63714
1.10293e-007 1.63714
1.10493e-007 1.63714
1.10693e-007 1.64046
1.10893e-007 1.63382
1.11093e-007 1.63382
1.11293e-007 1.63382
1.11493e-007 1.64046
1.11693e-007 1.63382
1.11893e-007 1.63714
1.12093e-007 1.63714
1.12293e-007 1.63714
1.12493e-007 1.63382
1.12693e-007 1.63714
1.12893e-007 1.63714
1.13093e-007 1.63382
1.13293e-007 1.63714
1.13493e-007 1.64046
1.13693e-007 1.64046
1.13893e-007 1.64046
1.14093e-007 1.63714
1.14293e-007 1.64378
1.14493e-007 1.64046
1.14693e-007 1.64046
1.14893e-007 1.63714
1.15093e-007 1.64046
1.15293e-007 1.63382
1.15493e-007 1.64046
1.15693e-007 1.63714
1.15893e-007 1.64046
1.16093e-007 1.63382
1.16293e-007 1.63714
1.16493e-007 1.64046
1.16693e-007 1.63714
1.16893e-007 1.63714
1.17093e-007 1.64046
1.17293e-007 1.63714
1.17493e-007 1.63714
1.17693e-007 1.63714
1.17893e-007 1.64046
1.18093e-007 1.63714
1.18293e-007 1.64378
1.18493e-007 1.64046
1.18693e-007 1.64378
1.18893e-007 1.64046
1.19093e-007 1.64378
1.19293e-007 1.63714
1.19493e-007 1.64378
1.19693e-007 1.64046
1.19893e-007 1.64046
1.20093e-007 1.63714
1.20293e-007 1.63714
1.20493e-007 1.63714
1.20693e-007 1.63714
1.20893e-007 1.63714
1.21093e-007 1.63714
1.21293e-007 1.63714
1.21493e-007 1.64046
1.21693e-007 1.63714
1.21893e-007 1.63714
1.22093e-007 1.63714
1.22293e-007 1.63714
1.22493e-007 1.64046
1.22693e-007 1.64046
1.22893e-007 1.64378
1.23093e-007 1.64378
1.23293e-007 1.64046
1.23493e-007 1.6471
1.23693e-007 1.64378
1.23893e-007 1.6471
1.24093e-007 1.64378
1.24293e-007 1.64046
1.24493e-007 1.64046
1.24693e-007 1.64046
1.24893e-007 1.63714
1.25093e-007 1.64046
1.25293e-007 1.63714
1.25493e-007 1.64046
1.25693e-007 1.63714
1.25893e-007 1.64378
1.26093e-007 1.63714
1.26293e-007 1.64046
1.26493e-007 1.63714
1.26693e-007 1.64046
1.26893e-007 1.64046
1.27093e-007 1.64046
1.27293e-007 1.64046
1.27493e-007 1.64378
1.27693e-007 1.64046
1.27893e-007 1.63714
1.28093e-007 1.63714
1.28293e-007 1.64046
1.28493e-007 1.63714
1.28693e-007 1.64378
1.28893e-007 1.64378
1.29093e-007 1.64046
1.29293e-007 1.64046
1.29493e-007 1.64046
1.29693e-007 1.63714
1.29893e-007 1.64046
1.30093e-007 1.63382
1.30293e-007 1.63714
1.30493e-007 1.63714
1.30693e-007 1.64046
1.30893e-007 1.63714
1.31093e-007 1.63382
1.31293e-007 1.63382
1.31493e-007 1.63714
1.31693e-007 1.63714
1.31893e-007 1.64046
1.32093e-007 1.63714
1.32293e-007 1.64046
1.32493e-007 1.64046
1.32693e-007 1.64378
1.32893e-007 1.64046
1.33093e-007 1.64378
1.33293e-007 1.64046
1.33493e-007 1.64046
1.33693e-007 1.63714
1.33893e-007 1.64046
1.34093e-007 1.64046
1.34293e-007 1.64046
1.34493e-007 1.63714
1.34693e-007 1.63714
1.34893e-007 1.63382
1.35093e-007 1.64046
1.35293e-007 1.63714
1.35493e-007 1.64046
1.35693e-007 1.64046
1.35893e-007 1.64378
1.36093e-007 1.64046
1.36293e-007 1.64046
1.36493e-007 1.64046
1.36693e-007 1.64378
1.36893e-007 1.64046
1.37093e-007 1.64046
1.37293e-007 1.63714
1.37493e-007 1.64046
1.37693e-007 1.63714
1.37893e-007 1.63714
1.38093e-007 1.63382
1.38293e-007 1.64046
1.38493e-007 1.64046
1.38693e-007 1.64378
1.38893e-007 1.64046
1.39093e-007 1.63714
1.39293e-007 1.64046
1.39493e-007 1.64046
1.39693e-007 1.64046
1.39893e-007 1.64046
1.40093e-007 1.64046
1.40293e-007 1.64046
1.40493e-007 1.63714
1.40693e-007 1.64046
1.40893e-007 1.64046
1.41093e-007 1.64046
1.41293e-007 1.63714
1.41493e-007 1.63714
1.41693e-007 1.63714
1.41893e-007 1.64046
1.42093e-007 1.63714
1.42293e-007 1.64046
1.42493e-007 1.63714
1.42693e-007 1.64046
1.42893e-007 1.63714
1.43093e-007 1.64046
1.43293e-007 1.63714
1.43493e-007 1.63714
1.43693e-007 1.63714
1.43893e-007 1.64378
1.44093e-007 1.64046
1.44293e-007 1.64378
1.44493e-007 1.64046
1.44693e-007 1.64378
1.44893e-007 1.64046
1.45093e-007 1.64378
1.45293e-007 1.64378
1.45493e-007 1.64378
1.45693e-007 1.63714
1.45893e-007 1.63714
1.46093e-007 1.63714
1.46293e-007 1.63714
1.46493e-007 1.63714
1.46693e-007 1.63714
1.46893e-007 1.63382
1.47093e-007 1.63714
1.47293e-007 1.63714
1.47493e-007 1.63714
1.47693e-007 1.64046
1.47893e-007 1.64378
1.48093e-007 1.64046
1.48293e-007 1.64378
1.48493e-007 1.64046
