LECROYWS44MXs-B 69584 Waveform
Segments 1 SegmentSize 1002
Segment TrigTime TimeSinceSegment1
#1 23-Jun-2015 18:08:53 0                 
Time Ampl
-5.16847e-008 1.6471
-5.14847e-008 1.64378
-5.12847e-008 1.65042
-5.10847e-008 1.64378
-5.08847e-008 1.6471
-5.06847e-008 1.64378
-5.04847e-008 1.6471
-5.02847e-008 1.64378
-5.00847e-008 1.6471
-4.98847e-008 1.64378
-4.96847e-008 1.6471
-4.94847e-008 1.65042
-4.92847e-008 1.6471
-4.90847e-008 1.6471
-4.88847e-008 1.65042
-4.86847e-008 1.64378
-4.84847e-008 1.65374
-4.82847e-008 1.6471
-4.80847e-008 1.6471
-4.78847e-008 1.64046
-4.76847e-008 1.64378
-4.74847e-008 1.64378
-4.72847e-008 1.6471
-4.70847e-008 1.6471
-4.68847e-008 1.65042
-4.66847e-008 1.65042
-4.64847e-008 1.6471
-4.62847e-008 1.64378
-4.60847e-008 1.65042
-4.58847e-008 1.6471
-4.56847e-008 1.64378
-4.54847e-008 1.6471
-4.52847e-008 1.65042
-4.50847e-008 1.64378
-4.48847e-008 1.6471
-4.46847e-008 1.64378
-4.44847e-008 1.6471
-4.42847e-008 1.64378
-4.40847e-008 1.6471
-4.38847e-008 1.6471
-4.36847e-008 1.65042
-4.34847e-008 1.6471
-4.32847e-008 1.6471
-4.30847e-008 1.6471
-4.28847e-008 1.65042
-4.26847e-008 1.6471
-4.24847e-008 1.6471
-4.22847e-008 1.6471
-4.20847e-008 1.6471
-4.18847e-008 1.64378
-4.16847e-008 1.6471
-4.14847e-008 1.64378
-4.12847e-008 1.64046
-4.10847e-008 1.64378
-4.08847e-008 1.6471
-4.06847e-008 1.6471
-4.04847e-008 1.65042
-4.02847e-008 1.6471
-4.00847e-008 1.65042
-3.98847e-008 1.65042
-3.96847e-008 1.65042
-3.94847e-008 1.6471
-3.92847e-008 1.65042
-3.90847e-008 1.6471
-3.88847e-008 1.65042
-3.86847e-008 1.6471
-3.84847e-008 1.65042
-3.82847e-008 1.6471
-3.80847e-008 1.6471
-3.78847e-008 1.6471
-3.76847e-008 1.6471
-3.74847e-008 1.64378
-3.72847e-008 1.6471
-3.70847e-008 1.6471
-3.68847e-008 1.65042
-3.66847e-008 1.64378
-3.64847e-008 1.6471
-3.62847e-008 1.6471
-3.60847e-008 1.6471
-3.58847e-008 1.64378
-3.56847e-008 1.65042
-3.54847e-008 1.64378
-3.52847e-008 1.6471
-3.50847e-008 1.64046
-3.48847e-008 1.6471
-3.46847e-008 1.64378
-3.44847e-008 1.64378
-3.42847e-008 1.64378
-3.40847e-008 1.6471
-3.38847e-008 1.6471
-3.36847e-008 1.65042
-3.34847e-008 1.65042
-3.32847e-008 1.65042
-3.30847e-008 1.6471
-3.28847e-008 1.6471
-3.26847e-008 1.6471
-3.24847e-008 1.6471
-3.22847e-008 1.6471
-3.20847e-008 1.6471
-3.18847e-008 1.64378
-3.16847e-008 1.64378
-3.14847e-008 1.6471
-3.12847e-008 1.6471
-3.10847e-008 1.64378
-3.08847e-008 1.64378
-3.06847e-008 1.64378
-3.04847e-008 1.64378
-3.02847e-008 1.65042
-3.00847e-008 1.6471
-2.98847e-008 1.65042
-2.96847e-008 1.65706
-2.94847e-008 1.65042
-2.92847e-008 1.65374
-2.90847e-008 1.65042
-2.88847e-008 1.65042
-2.86847e-008 1.6471
-2.84847e-008 1.6471
-2.82847e-008 1.6471
-2.80847e-008 1.65042
-2.78847e-008 1.64378
-2.76847e-008 1.6471
-2.74847e-008 1.6471
-2.72847e-008 1.65042
-2.70847e-008 1.6471
-2.68847e-008 1.65042
-2.66847e-008 1.64378
-2.64847e-008 1.65042
-2.62847e-008 1.6471
-2.60847e-008 1.6471
-2.58847e-008 1.64378
-2.56847e-008 1.6471
-2.54847e-008 1.65042
-2.52847e-008 1.64378
-2.50847e-008 1.65042
-2.48847e-008 1.6471
-2.46847e-008 1.64378
-2.44847e-008 1.6471
-2.42847e-008 1.6471
-2.40847e-008 1.64378
-2.38847e-008 1.6471
-2.36847e-008 1.64378
-2.34847e-008 1.6471
-2.32847e-008 1.6471
-2.30847e-008 1.64378
-2.28847e-008 1.6471
-2.26847e-008 1.6471
-2.24847e-008 1.65042
-2.22847e-008 1.6471
-2.20847e-008 1.65042
-2.18847e-008 1.6471
-2.16847e-008 1.65042
-2.14847e-008 1.6471
-2.12847e-008 1.6471
-2.10847e-008 1.64378
-2.08847e-008 1.65042
-2.06847e-008 1.65042
-2.04847e-008 1.65042
-2.02847e-008 1.65374
-2.00847e-008 1.65374
-1.98847e-008 1.65706
-1.96847e-008 1.65374
-1.94847e-008 1.65042
-1.92847e-008 1.65042
-1.90847e-008 1.65042
-1.88847e-008 1.6471
-1.86847e-008 1.6471
-1.84847e-008 1.6471
-1.82847e-008 1.64378
-1.80847e-008 1.65042
-1.78847e-008 1.64378
-1.76847e-008 1.6471
-1.74847e-008 1.6471
-1.72847e-008 1.65042
-1.70847e-008 1.6471
-1.68847e-008 1.65042
-1.66847e-008 1.65042
-1.64847e-008 1.65042
-1.62847e-008 1.6471
-1.60847e-008 1.65374
-1.58847e-008 1.6471
-1.56847e-008 1.65042
-1.54847e-008 1.64046
-1.52847e-008 1.6471
-1.50847e-008 1.64378
-1.48847e-008 1.65042
-1.46847e-008 1.6471
-1.44847e-008 1.6471
-1.42847e-008 1.65042
-1.40847e-008 1.65042
-1.38847e-008 1.6471
-1.36847e-008 1.65374
-1.34847e-008 1.6471
-1.32847e-008 1.65042
-1.30847e-008 1.6471
-1.28847e-008 1.65042
-1.26847e-008 1.65042
-1.24847e-008 1.65042
-1.22847e-008 1.64378
-1.20847e-008 1.65042
-1.18847e-008 1.64378
-1.16847e-008 1.6471
-1.14847e-008 1.65042
-1.12847e-008 1.65042
-1.10847e-008 1.65042
-1.08847e-008 1.65042
-1.06847e-008 1.6471
-1.04847e-008 1.65042
-1.02847e-008 1.65042
-1.00847e-008 1.65042
-9.88474e-009 1.65042
-9.68474e-009 1.65042
-9.48474e-009 1.65042
-9.28474e-009 1.65042
-9.08474e-009 1.65042
-8.88474e-009 1.6471
-8.68474e-009 1.65042
-8.48474e-009 1.65374
-8.28474e-009 1.65042
-8.08474e-009 1.65374
-7.88474e-009 1.65042
-7.68474e-009 1.65706
-7.48474e-009 1.65042
-7.28474e-009 1.65706
-7.08474e-009 1.65706
-6.88474e-009 1.65706
-6.68474e-009 1.65374
-6.48474e-009 1.65706
-6.28474e-009 1.66039
-6.08474e-009 1.66039
-5.88474e-009 1.66371
-5.68474e-009 1.66371
-5.48474e-009 1.67035
-5.28474e-009 1.67699
-5.08474e-009 1.67699
-4.88474e-009 1.68031
-4.68474e-009 1.68363
-4.48474e-009 1.69027
-4.28474e-009 1.69027
-4.08474e-009 1.6936
-3.88474e-009 1.70024
-3.68474e-009 1.70356
-3.48474e-009 1.7102
-3.28474e-009 1.72016
-3.08474e-009 1.72348
-2.88474e-009 1.73013
-2.68474e-009 1.73677
-2.48474e-009 1.74009
-2.28474e-009 1.74341
-2.08474e-009 1.75005
-1.88474e-009 1.75669
-1.68474e-009 1.76001
-1.48474e-009 1.76998
-1.28474e-009 1.78326
-1.08474e-009 1.78326
-8.84741e-010 1.78658
-6.84741e-010 1.79322
-4.84741e-010 1.80319
-2.84741e-010 1.80983
-8.47406e-011 1.81647
1.15259e-010 1.82311
3.15259e-010 1.83307
5.15259e-010 1.8364
7.15259e-010 1.84968
9.15259e-010 1.853
1.11526e-009 1.85964
1.31526e-009 1.85964
1.51526e-009 1.8696
1.71526e-009 1.87625
1.91526e-009 1.87957
2.11526e-009 1.88289
2.31526e-009 1.89285
2.51526e-009 1.89617
2.71526e-009 1.89949
2.91526e-009 1.90946
3.11526e-009 1.91278
3.31526e-009 1.9161
3.51526e-009 1.9161
3.71526e-009 1.92274
3.91526e-009 1.92606
4.11526e-009 1.92938
4.31526e-009 1.9327
4.51526e-009 1.93602
4.71526e-009 1.93602
4.91526e-009 1.93602
5.11526e-009 1.93602
5.31526e-009 1.93602
5.51526e-009 1.94267
5.71526e-009 1.94599
5.91526e-009 1.93934
6.11526e-009 1.94267
6.31526e-009 1.94267
6.51526e-009 1.95263
6.71526e-009 1.94931
6.91526e-009 1.95263
7.11526e-009 1.94931
7.31526e-009 1.95263
7.51526e-009 1.94931
7.71526e-009 1.94931
7.91526e-009 1.94599
8.11526e-009 1.94931
8.31526e-009 1.94599
8.51526e-009 1.94599
8.71526e-009 1.93934
8.91526e-009 1.94267
9.11526e-009 1.94267
9.31526e-009 1.93934
9.51526e-009 1.93602
9.71526e-009 1.93602
9.91526e-009 1.92938
1.01153e-008 1.9327
1.03153e-008 1.92606
1.05153e-008 1.92274
1.07153e-008 1.9161
1.09153e-008 1.9161
1.11153e-008 1.9161
1.13153e-008 1.91278
1.15153e-008 1.91278
1.17153e-008 1.90946
1.19153e-008 1.90946
1.21153e-008 1.89949
1.23153e-008 1.89949
1.25153e-008 1.89285
1.27153e-008 1.89949
1.29153e-008 1.88621
1.31153e-008 1.88621
1.33153e-008 1.88289
1.35153e-008 1.87625
1.37153e-008 1.87625
1.39153e-008 1.87293
1.41153e-008 1.8696
1.43153e-008 1.86628
1.45153e-008 1.85964
1.47153e-008 1.85964
1.49153e-008 1.853
1.51153e-008 1.853
1.53153e-008 1.84636
1.55153e-008 1.84636
1.57153e-008 1.83972
1.59153e-008 1.8364
1.61153e-008 1.82975
1.63153e-008 1.82311
1.65153e-008 1.81979
1.67153e-008 1.81647
1.69153e-008 1.81647
1.71153e-008 1.81647
1.73153e-008 1.81647
1.75153e-008 1.80983
1.77153e-008 1.80651
1.79153e-008 1.80651
1.81153e-008 1.80319
1.83153e-008 1.79987
1.85153e-008 1.79322
1.87153e-008 1.79987
1.89153e-008 1.78658
1.91153e-008 1.78658
1.93153e-008 1.78658
1.95153e-008 1.77994
1.97153e-008 1.77994
1.99153e-008 1.7733
2.01153e-008 1.76998
2.03153e-008 1.76333
2.05153e-008 1.75669
2.07153e-008 1.76333
2.09153e-008 1.76001
2.11153e-008 1.75337
2.13153e-008 1.75669
2.15153e-008 1.75337
2.17153e-008 1.75005
2.19153e-008 1.74341
2.21153e-008 1.74341
2.23153e-008 1.74341
2.25153e-008 1.74009
2.27153e-008 1.74009
2.29153e-008 1.73677
2.31153e-008 1.73013
2.33153e-008 1.73345
2.35153e-008 1.73013
2.37153e-008 1.72348
2.39153e-008 1.72348
2.41153e-008 1.72016
2.43153e-008 1.72348
2.45153e-008 1.71352
2.47153e-008 1.71352
2.49153e-008 1.71352
2.51153e-008 1.71352
2.53153e-008 1.7102
2.55153e-008 1.70688
2.57153e-008 1.70688
2.59153e-008 1.70356
2.61153e-008 1.70356
2.63153e-008 1.70024
2.65153e-008 1.70356
2.67153e-008 1.69692
2.69153e-008 1.70356
2.71153e-008 1.70024
2.73153e-008 1.70024
2.75153e-008 1.69692
2.77153e-008 1.6936
2.79153e-008 1.6936
2.81153e-008 1.68695
2.83153e-008 1.69027
2.85153e-008 1.68695
2.87153e-008 1.68031
2.89153e-008 1.68363
2.91153e-008 1.68363
2.93153e-008 1.68363
2.95153e-008 1.68031
2.97153e-008 1.68031
2.99153e-008 1.68031
3.01153e-008 1.67699
3.03153e-008 1.67699
3.05153e-008 1.67367
3.07153e-008 1.67367
3.09153e-008 1.67035
3.11153e-008 1.67035
3.13153e-008 1.67035
3.15153e-008 1.67035
3.17153e-008 1.67035
3.19153e-008 1.67035
3.21153e-008 1.66371
3.23153e-008 1.66371
3.25153e-008 1.66039
3.27153e-008 1.66371
3.29153e-008 1.66371
3.31153e-008 1.66039
3.33153e-008 1.66039
3.35153e-008 1.66039
3.37153e-008 1.66039
3.39153e-008 1.66039
3.41153e-008 1.66039
3.43153e-008 1.66039
3.45153e-008 1.66371
3.47153e-008 1.66039
3.49153e-008 1.65374
3.51153e-008 1.65706
3.53153e-008 1.65374
3.55153e-008 1.66039
3.57153e-008 1.66039
3.59153e-008 1.66039
3.61153e-008 1.66039
3.63153e-008 1.65706
3.65153e-008 1.66039
3.67153e-008 1.66039
3.69153e-008 1.65706
3.71153e-008 1.65706
3.73153e-008 1.65706
3.75153e-008 1.65374
3.77153e-008 1.65042
3.79153e-008 1.65042
3.81153e-008 1.65042
3.83153e-008 1.65374
3.85153e-008 1.65042
3.87153e-008 1.65374
3.89153e-008 1.6471
3.91153e-008 1.65374
3.93153e-008 1.65374
3.95153e-008 1.65374
3.97153e-008 1.65374
3.99153e-008 1.65042
4.01153e-008 1.65706
4.03153e-008 1.65374
4.05153e-008 1.65042
4.07153e-008 1.65374
4.09153e-008 1.6471
4.11153e-008 1.6471
4.13153e-008 1.6471
4.15153e-008 1.6471
4.17153e-008 1.65042
4.19153e-008 1.64046
4.21153e-008 1.64046
4.23153e-008 1.64378
4.25153e-008 1.6471
4.27153e-008 1.65042
4.29153e-008 1.6471
4.31153e-008 1.65042
4.33153e-008 1.6471
4.35153e-008 1.6471
4.37153e-008 1.64378
4.39153e-008 1.6471
4.41153e-008 1.64378
4.43153e-008 1.6471
4.45153e-008 1.64378
4.47153e-008 1.65042
4.49153e-008 1.6471
4.51153e-008 1.65042
4.53153e-008 1.6471
4.55153e-008 1.65042
4.57153e-008 1.64378
4.59153e-008 1.6471
4.61153e-008 1.64378
4.63153e-008 1.65042
4.65153e-008 1.65042
4.67153e-008 1.65042
4.69153e-008 1.65042
4.71153e-008 1.6471
4.73153e-008 1.65042
4.75153e-008 1.6471
4.77153e-008 1.65042
4.79153e-008 1.6471
4.81153e-008 1.6471
4.83153e-008 1.64378
4.85153e-008 1.64378
4.87153e-008 1.6471
4.89153e-008 1.64378
4.91153e-008 1.64378
4.93153e-008 1.64046
4.95153e-008 1.6471
4.97153e-008 1.64378
4.99153e-008 1.6471
5.01153e-008 1.6471
5.03153e-008 1.6471
5.05153e-008 1.65042
5.07153e-008 1.65042
5.09153e-008 1.6471
5.11153e-008 1.65042
5.13153e-008 1.65042
5.15153e-008 1.65374
5.17153e-008 1.65042
5.19153e-008 1.65042
5.21153e-008 1.65042
5.23153e-008 1.65374
5.25153e-008 1.65042
5.27153e-008 1.65706
5.29153e-008 1.6471
5.31153e-008 1.65374
5.33153e-008 1.65042
5.35153e-008 1.65374
5.37153e-008 1.65374
5.39153e-008 1.65042
5.41153e-008 1.65042
5.43153e-008 1.65042
5.45153e-008 1.6471
5.47153e-008 1.65042
5.49153e-008 1.65042
5.51153e-008 1.65042
5.53153e-008 1.64378
5.55153e-008 1.65042
5.57153e-008 1.65042
5.59153e-008 1.65042
5.61153e-008 1.6471
5.63153e-008 1.65374
5.65153e-008 1.6471
5.67153e-008 1.65042
5.69153e-008 1.64378
5.71153e-008 1.65042
5.73153e-008 1.64378
5.75153e-008 1.65042
5.77153e-008 1.64378
5.79153e-008 1.6471
5.81153e-008 1.6471
5.83153e-008 1.6471
5.85153e-008 1.6471
5.87153e-008 1.65042
5.89153e-008 1.65042
5.91153e-008 1.65042
5.93153e-008 1.6471
5.95153e-008 1.65042
5.97153e-008 1.65042
5.99153e-008 1.65042
6.01153e-008 1.6471
6.03153e-008 1.6471
6.05153e-008 1.65042
6.07153e-008 1.6471
6.09153e-008 1.65042
6.11153e-008 1.65042
6.13153e-008 1.64378
6.15153e-008 1.65042
6.17153e-008 1.64378
6.19153e-008 1.65042
6.21153e-008 1.6471
6.23153e-008 1.65042
6.25153e-008 1.64378
6.27153e-008 1.65042
6.29153e-008 1.64378
6.31153e-008 1.6471
6.33153e-008 1.64378
6.35153e-008 1.64378
6.37153e-008 1.64378
6.39153e-008 1.64378
6.41153e-008 1.64378
6.43153e-008 1.6471
6.45153e-008 1.64046
6.47153e-008 1.65042
6.49153e-008 1.6471
6.51153e-008 1.65042
6.53153e-008 1.65042
6.55153e-008 1.6471
6.57153e-008 1.6471
6.59153e-008 1.65042
6.61153e-008 1.6471
6.63153e-008 1.6471
6.65153e-008 1.6471
6.67153e-008 1.65042
6.69153e-008 1.6471
6.71153e-008 1.6471
6.73153e-008 1.64378
6.75153e-008 1.6471
6.77153e-008 1.64378
6.79153e-008 1.65374
6.81153e-008 1.65042
6.83153e-008 1.65042
6.85153e-008 1.65042
6.87153e-008 1.6471
6.89153e-008 1.6471
6.91153e-008 1.65042
6.93153e-008 1.6471
6.95153e-008 1.65042
6.97153e-008 1.65042
6.99153e-008 1.65042
7.01153e-008 1.65042
7.03153e-008 1.65042
7.05153e-008 1.65374
7.07153e-008 1.65042
7.09153e-008 1.6471
7.11153e-008 1.65042
7.13153e-008 1.6471
7.15153e-008 1.6471
7.17153e-008 1.65042
7.19153e-008 1.6471
7.21153e-008 1.6471
7.23153e-008 1.65042
7.25153e-008 1.6471
7.27153e-008 1.65042
7.29153e-008 1.6471
7.31153e-008 1.65042
7.33153e-008 1.65042
7.35153e-008 1.65042
7.37153e-008 1.65042
7.39153e-008 1.65042
7.41153e-008 1.65042
7.43153e-008 1.65374
7.45153e-008 1.65042
7.47153e-008 1.65042
7.49153e-008 1.65042
7.51153e-008 1.6471
7.53153e-008 1.6471
7.55153e-008 1.65042
7.57153e-008 1.6471
7.59153e-008 1.6471
7.61153e-008 1.6471
7.63153e-008 1.65042
7.65153e-008 1.65042
7.67153e-008 1.65374
7.69153e-008 1.65042
7.71153e-008 1.65374
7.73153e-008 1.65374
7.75153e-008 1.65374
7.77153e-008 1.65042
7.79153e-008 1.65374
7.81153e-008 1.65042
7.83153e-008 1.65374
7.85153e-008 1.65042
7.87153e-008 1.65042
7.89153e-008 1.65042
7.91153e-008 1.65042
7.93153e-008 1.65374
7.95153e-008 1.65374
7.97153e-008 1.65042
7.99153e-008 1.65042
8.01153e-008 1.65042
8.03153e-008 1.65042
8.05153e-008 1.65042
8.07153e-008 1.65042
8.09153e-008 1.65042
8.11153e-008 1.65374
8.13153e-008 1.6471
8.15153e-008 1.65042
8.17153e-008 1.65374
8.19153e-008 1.6471
8.21153e-008 1.65042
8.23153e-008 1.65042
8.25153e-008 1.65042
8.27153e-008 1.65042
8.29153e-008 1.65042
8.31153e-008 1.65042
8.33153e-008 1.65042
8.35153e-008 1.65042
8.37153e-008 1.65042
8.39153e-008 1.65042
8.41153e-008 1.65042
8.43153e-008 1.65374
8.45153e-008 1.65042
8.47153e-008 1.6471
8.49153e-008 1.64378
8.51153e-008 1.64378
8.53153e-008 1.6471
8.55153e-008 1.6471
8.57153e-008 1.65042
8.59153e-008 1.65042
8.61153e-008 1.6471
8.63153e-008 1.65374
8.65153e-008 1.65042
8.67153e-008 1.65042
8.69153e-008 1.6471
8.71153e-008 1.65042
8.73153e-008 1.6471
8.75153e-008 1.65042
8.77153e-008 1.6471
8.79153e-008 1.6471
8.81153e-008 1.64378
8.83153e-008 1.64378
8.85153e-008 1.6471
8.87153e-008 1.64046
8.89153e-008 1.64378
8.91153e-008 1.65042
8.93153e-008 1.64378
8.95153e-008 1.64378
8.97153e-008 1.64378
8.99153e-008 1.64378
9.01153e-008 1.64378
9.03153e-008 1.6471
9.05153e-008 1.64378
9.07153e-008 1.6471
9.09153e-008 1.6471
9.11153e-008 1.6471
9.13153e-008 1.64378
9.15153e-008 1.64378
9.17153e-008 1.64378
9.19153e-008 1.65042
9.21153e-008 1.64378
9.23153e-008 1.64378
9.25153e-008 1.6471
9.27153e-008 1.65042
9.29153e-008 1.64378
9.31153e-008 1.64378
9.33153e-008 1.6471
9.35153e-008 1.6471
9.37153e-008 1.6471
9.39153e-008 1.64378
9.41153e-008 1.6471
9.43153e-008 1.64378
9.45153e-008 1.64046
9.47153e-008 1.63714
9.49153e-008 1.63714
9.51153e-008 1.6471
9.53153e-008 1.64046
9.55153e-008 1.64378
9.57153e-008 1.64046
9.59153e-008 1.64378
9.61153e-008 1.64378
9.63153e-008 1.65042
9.65153e-008 1.6471
9.67153e-008 1.65042
9.69153e-008 1.64378
9.71153e-008 1.65042
9.73153e-008 1.64378
9.75153e-008 1.64378
9.77153e-008 1.64378
9.79153e-008 1.64046
9.81153e-008 1.64046
9.83153e-008 1.64378
9.85153e-008 1.64378
9.87153e-008 1.6471
9.89153e-008 1.64378
9.91153e-008 1.64378
9.93153e-008 1.64046
9.95153e-008 1.64378
9.97153e-008 1.64378
9.99153e-008 1.6471
1.00115e-007 1.64378
1.00315e-007 1.64378
1.00515e-007 1.64046
1.00715e-007 1.64378
1.00915e-007 1.64046
1.01115e-007 1.64378
1.01315e-007 1.63714
1.01515e-007 1.6471
1.01715e-007 1.64046
1.01915e-007 1.64378
1.02115e-007 1.64046
1.02315e-007 1.6471
1.02515e-007 1.64046
1.02715e-007 1.64378
1.02915e-007 1.64378
1.03115e-007 1.64378
1.03315e-007 1.64378
1.03515e-007 1.64378
1.03715e-007 1.64046
1.03915e-007 1.64378
1.04115e-007 1.64046
1.04315e-007 1.64378
1.04515e-007 1.64046
1.04715e-007 1.64378
1.04915e-007 1.64378
1.05115e-007 1.64378
1.05315e-007 1.64046
1.05515e-007 1.6471
1.05715e-007 1.64378
1.05915e-007 1.6471
1.06115e-007 1.64378
1.06315e-007 1.6471
1.06515e-007 1.64378
1.06715e-007 1.6471
1.06915e-007 1.64378
1.07115e-007 1.6471
1.07315e-007 1.64046
1.07515e-007 1.64378
1.07715e-007 1.63714
1.07915e-007 1.64378
1.08115e-007 1.64378
1.08315e-007 1.6471
1.08515e-007 1.64378
1.08715e-007 1.64378
1.08915e-007 1.64378
1.09115e-007 1.64378
1.09315e-007 1.64378
1.09515e-007 1.64378
1.09715e-007 1.64378
1.09915e-007 1.6471
1.10115e-007 1.64378
1.10315e-007 1.64378
1.10515e-007 1.64378
1.10715e-007 1.6471
1.10915e-007 1.63714
1.11115e-007 1.64378
1.11315e-007 1.64378
1.11515e-007 1.64378
1.11715e-007 1.64378
1.11915e-007 1.6471
1.12115e-007 1.64378
1.12315e-007 1.65042
1.12515e-007 1.65042
1.12715e-007 1.65042
1.12915e-007 1.64378
1.13115e-007 1.65042
1.13315e-007 1.64378
1.13515e-007 1.6471
1.13715e-007 1.64378
1.13915e-007 1.64378
1.14115e-007 1.64046
1.14315e-007 1.64378
1.14515e-007 1.64378
1.14715e-007 1.64046
1.14915e-007 1.65042
1.15115e-007 1.6471
1.15315e-007 1.65042
1.15515e-007 1.6471
1.15715e-007 1.65042
1.15915e-007 1.65042
1.16115e-007 1.65042
1.16315e-007 1.65374
1.16515e-007 1.65042
1.16715e-007 1.65374
1.16915e-007 1.6471
1.17115e-007 1.65042
1.17315e-007 1.64378
1.17515e-007 1.6471
1.17715e-007 1.64378
1.17915e-007 1.6471
1.18115e-007 1.64378
1.18315e-007 1.64378
1.18515e-007 1.64378
1.18715e-007 1.6471
1.18915e-007 1.64378
1.19115e-007 1.6471
1.19315e-007 1.64378
1.19515e-007 1.6471
1.19715e-007 1.6471
1.19915e-007 1.65042
1.20115e-007 1.64378
1.20315e-007 1.6471
1.20515e-007 1.64378
1.20715e-007 1.65042
1.20915e-007 1.65042
1.21115e-007 1.65042
1.21315e-007 1.65042
1.21515e-007 1.65374
1.21715e-007 1.64378
1.21915e-007 1.6471
1.22115e-007 1.6471
1.22315e-007 1.65042
1.22515e-007 1.64378
1.22715e-007 1.6471
1.22915e-007 1.64378
1.23115e-007 1.6471
1.23315e-007 1.65042
1.23515e-007 1.65042
1.23715e-007 1.6471
1.23915e-007 1.6471
1.24115e-007 1.64046
1.24315e-007 1.6471
1.24515e-007 1.64378
1.24715e-007 1.65042
1.24915e-007 1.65042
1.25115e-007 1.65374
1.25315e-007 1.65042
1.25515e-007 1.65374
1.25715e-007 1.65042
1.25915e-007 1.65042
1.26115e-007 1.6471
1.26315e-007 1.6471
1.26515e-007 1.64046
1.26715e-007 1.6471
1.26915e-007 1.64378
1.27115e-007 1.6471
1.27315e-007 1.64378
1.27515e-007 1.6471
1.27715e-007 1.64378
1.27915e-007 1.65042
1.28115e-007 1.65042
1.28315e-007 1.6471
1.28515e-007 1.64378
1.28715e-007 1.6471
1.28915e-007 1.64378
1.29115e-007 1.6471
1.29315e-007 1.6471
1.29515e-007 1.65042
1.29715e-007 1.6471
1.29915e-007 1.6471
1.30115e-007 1.64378
1.30315e-007 1.6471
1.30515e-007 1.65042
1.30715e-007 1.6471
1.30915e-007 1.64378
1.31115e-007 1.64046
1.31315e-007 1.64378
1.31515e-007 1.64378
1.31715e-007 1.64378
1.31915e-007 1.6471
1.32115e-007 1.64378
1.32315e-007 1.64378
1.32515e-007 1.64046
1.32715e-007 1.64046
1.32915e-007 1.63714
1.33115e-007 1.64046
1.33315e-007 1.64378
1.33515e-007 1.64378
1.33715e-007 1.64046
1.33915e-007 1.64378
1.34115e-007 1.6471
1.34315e-007 1.6471
1.34515e-007 1.65042
1.34715e-007 1.6471
1.34915e-007 1.6471
1.35115e-007 1.6471
1.35315e-007 1.64378
1.35515e-007 1.65042
1.35715e-007 1.64378
1.35915e-007 1.65374
1.36115e-007 1.65042
1.36315e-007 1.65042
1.36515e-007 1.6471
1.36715e-007 1.6471
1.36915e-007 1.64378
1.37115e-007 1.64378
1.37315e-007 1.64378
1.37515e-007 1.64378
1.37715e-007 1.64378
1.37915e-007 1.64378
1.38115e-007 1.64046
1.38315e-007 1.6471
1.38515e-007 1.64378
1.38715e-007 1.6471
1.38915e-007 1.65042
1.39115e-007 1.65042
1.39315e-007 1.6471
1.39515e-007 1.6471
1.39715e-007 1.65042
1.39915e-007 1.6471
1.40115e-007 1.64378
1.40315e-007 1.6471
1.40515e-007 1.64378
1.40715e-007 1.64378
1.40915e-007 1.64046
1.41115e-007 1.6471
1.41315e-007 1.64378
1.41515e-007 1.65042
1.41715e-007 1.64378
1.41915e-007 1.6471
1.42115e-007 1.64378
1.42315e-007 1.6471
1.42515e-007 1.65042
1.42715e-007 1.6471
1.42915e-007 1.6471
1.43115e-007 1.64378
1.43315e-007 1.65042
1.43515e-007 1.65042
1.43715e-007 1.6471
1.43915e-007 1.6471
1.44115e-007 1.64378
1.44315e-007 1.64378
1.44515e-007 1.6471
1.44715e-007 1.64378
1.44915e-007 1.64378
1.45115e-007 1.6471
1.45315e-007 1.64378
1.45515e-007 1.64378
1.45715e-007 1.6471
1.45915e-007 1.6471
1.46115e-007 1.6471
1.46315e-007 1.6471
1.46515e-007 1.65042
1.46715e-007 1.65042
1.46915e-007 1.64378
1.47115e-007 1.65042
1.47315e-007 1.64378
1.47515e-007 1.64378
1.47715e-007 1.64378
1.47915e-007 1.64378
1.48115e-007 1.64378
1.48315e-007 1.64378
1.48515e-007 1.64378
