LECROYWS44MXs-B 69584 Waveform
Segments 1 SegmentSize 1002
Segment TrigTime TimeSinceSegment1
#1 23-Jun-2015 23:02:22 0                 
Time Ampl
-5.17524e-008 1.6471
-5.15524e-008 1.64046
-5.13524e-008 1.64378
-5.11524e-008 1.64378
-5.09524e-008 1.64046
-5.07524e-008 1.64378
-5.05524e-008 1.6471
-5.03524e-008 1.65042
-5.01524e-008 1.6471
-4.99524e-008 1.64378
-4.97524e-008 1.65042
-4.95524e-008 1.64378
-4.93524e-008 1.64378
-4.91524e-008 1.64378
-4.89524e-008 1.6471
-4.87524e-008 1.64378
-4.85524e-008 1.65042
-4.83524e-008 1.6471
-4.81524e-008 1.6471
-4.79524e-008 1.6471
-4.77524e-008 1.6471
-4.75524e-008 1.6471
-4.73524e-008 1.6471
-4.71524e-008 1.65042
-4.69524e-008 1.65042
-4.67524e-008 1.65042
-4.65524e-008 1.6471
-4.63524e-008 1.64378
-4.61524e-008 1.6471
-4.59524e-008 1.64378
-4.57524e-008 1.65042
-4.55524e-008 1.65042
-4.53524e-008 1.65042
-4.51524e-008 1.6471
-4.49524e-008 1.65042
-4.47524e-008 1.64378
-4.45524e-008 1.6471
-4.43524e-008 1.64378
-4.41524e-008 1.64378
-4.39524e-008 1.65042
-4.37524e-008 1.65042
-4.35524e-008 1.64378
-4.33524e-008 1.64378
-4.31524e-008 1.65042
-4.29524e-008 1.6471
-4.27524e-008 1.6471
-4.25524e-008 1.6471
-4.23524e-008 1.6471
-4.21524e-008 1.6471
-4.19524e-008 1.6471
-4.17524e-008 1.64378
-4.15524e-008 1.64378
-4.13524e-008 1.65042
-4.11524e-008 1.64378
-4.09524e-008 1.65042
-4.07524e-008 1.6471
-4.05524e-008 1.65042
-4.03524e-008 1.6471
-4.01524e-008 1.6471
-3.99524e-008 1.65042
-3.97524e-008 1.6471
-3.95524e-008 1.64378
-3.93524e-008 1.6471
-3.91524e-008 1.6471
-3.89524e-008 1.65042
-3.87524e-008 1.65042
-3.85524e-008 1.6471
-3.83524e-008 1.6471
-3.81524e-008 1.65042
-3.79524e-008 1.64378
-3.77524e-008 1.65042
-3.75524e-008 1.64046
-3.73524e-008 1.64378
-3.71524e-008 1.64378
-3.69524e-008 1.6471
-3.67524e-008 1.64378
-3.65524e-008 1.6471
-3.63524e-008 1.65042
-3.61524e-008 1.65042
-3.59524e-008 1.65042
-3.57524e-008 1.65042
-3.55524e-008 1.6471
-3.53524e-008 1.65042
-3.51524e-008 1.65042
-3.49524e-008 1.65042
-3.47524e-008 1.65042
-3.45524e-008 1.65042
-3.43524e-008 1.6471
-3.41524e-008 1.65042
-3.39524e-008 1.64378
-3.37524e-008 1.6471
-3.35524e-008 1.6471
-3.33524e-008 1.65042
-3.31524e-008 1.64378
-3.29524e-008 1.65042
-3.27524e-008 1.6471
-3.25524e-008 1.6471
-3.23524e-008 1.64378
-3.21524e-008 1.6471
-3.19524e-008 1.6471
-3.17524e-008 1.6471
-3.15524e-008 1.64378
-3.13524e-008 1.64378
-3.11524e-008 1.64378
-3.09524e-008 1.6471
-3.07524e-008 1.65042
-3.05524e-008 1.6471
-3.03524e-008 1.6471
-3.01524e-008 1.6471
-2.99524e-008 1.6471
-2.97524e-008 1.65042
-2.95524e-008 1.65042
-2.93524e-008 1.65042
-2.91524e-008 1.6471
-2.89524e-008 1.6471
-2.87524e-008 1.6471
-2.85524e-008 1.6471
-2.83524e-008 1.6471
-2.81524e-008 1.6471
-2.79524e-008 1.6471
-2.77524e-008 1.6471
-2.75524e-008 1.6471
-2.73524e-008 1.64378
-2.71524e-008 1.64046
-2.69524e-008 1.6471
-2.67524e-008 1.64378
-2.65524e-008 1.6471
-2.63524e-008 1.6471
-2.61524e-008 1.6471
-2.59524e-008 1.6471
-2.57524e-008 1.65042
-2.55524e-008 1.64378
-2.53524e-008 1.6471
-2.51524e-008 1.6471
-2.49524e-008 1.65042
-2.47524e-008 1.6471
-2.45524e-008 1.6471
-2.43524e-008 1.64378
-2.41524e-008 1.64378
-2.39524e-008 1.64046
-2.37524e-008 1.65042
-2.35524e-008 1.64046
-2.33524e-008 1.64378
-2.31524e-008 1.64046
-2.29524e-008 1.64378
-2.27524e-008 1.6471
-2.25524e-008 1.6471
-2.23524e-008 1.64378
-2.21524e-008 1.64378
-2.19524e-008 1.64378
-2.17524e-008 1.65042
-2.15524e-008 1.6471
-2.13524e-008 1.65042
-2.11524e-008 1.6471
-2.09524e-008 1.6471
-2.07524e-008 1.64378
-2.05524e-008 1.64378
-2.03524e-008 1.64378
-2.01524e-008 1.6471
-1.99524e-008 1.6471
-1.97524e-008 1.6471
-1.95524e-008 1.64378
-1.93524e-008 1.6471
-1.91524e-008 1.64378
-1.89524e-008 1.64378
-1.87524e-008 1.6471
-1.85524e-008 1.6471
-1.83524e-008 1.64378
-1.81524e-008 1.6471
-1.79524e-008 1.6471
-1.77524e-008 1.64378
-1.75524e-008 1.64378
-1.73524e-008 1.64378
-1.71524e-008 1.64378
-1.69524e-008 1.64378
-1.67524e-008 1.64378
-1.65524e-008 1.65042
-1.63524e-008 1.6471
-1.61524e-008 1.6471
-1.59524e-008 1.64378
-1.57524e-008 1.64378
-1.55524e-008 1.64378
-1.53524e-008 1.6471
-1.51524e-008 1.6471
-1.49524e-008 1.64378
-1.47524e-008 1.6471
-1.45524e-008 1.6471
-1.43524e-008 1.64378
-1.41524e-008 1.64378
-1.39524e-008 1.64378
-1.37524e-008 1.6471
-1.35524e-008 1.64046
-1.33524e-008 1.64378
-1.31524e-008 1.64378
-1.29524e-008 1.64378
-1.27524e-008 1.64378
-1.25524e-008 1.64378
-1.23524e-008 1.64378
-1.21524e-008 1.65042
-1.19524e-008 1.6471
-1.17524e-008 1.64378
-1.15524e-008 1.65042
-1.13524e-008 1.6471
-1.11524e-008 1.6471
-1.09524e-008 1.6471
-1.07524e-008 1.64378
-1.05524e-008 1.64378
-1.03524e-008 1.64378
-1.01524e-008 1.64378
-9.95242e-009 1.64378
-9.75242e-009 1.6471
-9.55242e-009 1.64046
-9.35242e-009 1.64378
-9.15242e-009 1.63714
-8.95242e-009 1.6471
-8.75242e-009 1.64378
-8.55242e-009 1.65042
-8.35242e-009 1.6471
-8.15242e-009 1.64378
-7.95242e-009 1.65042
-7.75242e-009 1.65042
-7.55242e-009 1.6471
-7.35242e-009 1.65042
-7.15242e-009 1.65042
-6.95242e-009 1.65042
-6.75242e-009 1.65706
-6.55242e-009 1.65374
-6.35242e-009 1.65374
-6.15242e-009 1.66039
-5.95242e-009 1.66039
-5.75242e-009 1.66371
-5.55242e-009 1.66371
-5.35242e-009 1.67035
-5.15242e-009 1.67367
-4.95242e-009 1.67699
-4.75242e-009 1.68031
-4.55242e-009 1.68363
-4.35242e-009 1.68363
-4.15242e-009 1.68695
-3.95242e-009 1.69692
-3.75242e-009 1.70024
-3.55242e-009 1.70688
-3.35242e-009 1.7102
-3.15242e-009 1.71684
-2.95242e-009 1.72016
-2.75242e-009 1.72348
-2.55242e-009 1.73013
-2.35242e-009 1.74009
-2.15242e-009 1.74673
-1.95242e-009 1.75669
-1.75242e-009 1.75669
-1.55242e-009 1.76666
-1.35242e-009 1.7733
-1.15242e-009 1.78326
-9.5242e-010 1.79322
-7.5242e-010 1.79322
-5.5242e-010 1.79987
-3.5242e-010 1.80651
-1.5242e-010 1.81647
4.75805e-011 1.81979
2.4758e-010 1.82311
4.4758e-010 1.8364
6.4758e-010 1.83972
8.4758e-010 1.84968
1.04758e-009 1.85632
1.24758e-009 1.86296
1.44758e-009 1.86628
1.64758e-009 1.87625
1.84758e-009 1.87957
2.04758e-009 1.88289
2.24758e-009 1.89285
2.44758e-009 1.89617
2.64758e-009 1.90281
2.84758e-009 1.90613
3.04758e-009 1.9161
3.24758e-009 1.9161
3.44758e-009 1.9161
3.64758e-009 1.91942
3.84758e-009 1.92274
4.04758e-009 1.92938
4.24758e-009 1.9327
4.44758e-009 1.93602
4.64758e-009 1.93602
4.84758e-009 1.94267
5.04758e-009 1.94267
5.24758e-009 1.94267
5.44758e-009 1.94599
5.64758e-009 1.94931
5.84758e-009 1.94931
6.04758e-009 1.95595
6.24758e-009 1.95263
6.44758e-009 1.95595
6.64758e-009 1.95263
6.84758e-009 1.95595
7.04758e-009 1.95595
7.24758e-009 1.95595
7.44758e-009 1.95595
7.64758e-009 1.95263
7.84758e-009 1.95263
8.04758e-009 1.95263
8.24758e-009 1.94931
8.44758e-009 1.94931
8.64758e-009 1.94599
8.84758e-009 1.94931
9.04758e-009 1.94267
9.24758e-009 1.94267
9.44758e-009 1.93602
9.64758e-009 1.93934
9.84758e-009 1.93602
1.00476e-008 1.9327
1.02476e-008 1.92938
1.04476e-008 1.92938
1.06476e-008 1.92274
1.08476e-008 1.92274
1.10476e-008 1.92606
1.12476e-008 1.91942
1.14476e-008 1.9161
1.16476e-008 1.9161
1.18476e-008 1.91278
1.20476e-008 1.90281
1.22476e-008 1.90281
1.24476e-008 1.89949
1.26476e-008 1.89617
1.28476e-008 1.89617
1.30476e-008 1.88953
1.32476e-008 1.88621
1.34476e-008 1.87957
1.36476e-008 1.87625
1.38476e-008 1.87293
1.40476e-008 1.87625
1.42476e-008 1.86296
1.44476e-008 1.85964
1.46476e-008 1.85964
1.48476e-008 1.85632
1.50476e-008 1.85632
1.52476e-008 1.84636
1.54476e-008 1.853
1.56476e-008 1.84304
1.58476e-008 1.84304
1.60476e-008 1.8364
1.62476e-008 1.8364
1.64476e-008 1.83307
1.66476e-008 1.82643
1.68476e-008 1.82311
1.70476e-008 1.81979
1.72476e-008 1.81315
1.74476e-008 1.80983
1.76476e-008 1.80983
1.78476e-008 1.80319
1.80476e-008 1.79987
1.82476e-008 1.79322
1.84476e-008 1.79322
1.86476e-008 1.79322
1.88476e-008 1.7899
1.90476e-008 1.78658
1.92476e-008 1.78326
1.94476e-008 1.77994
1.96476e-008 1.77662
1.98476e-008 1.77662
2.00476e-008 1.76998
2.02476e-008 1.76666
2.04476e-008 1.75669
2.06476e-008 1.76001
2.08476e-008 1.75669
2.10476e-008 1.75669
2.12476e-008 1.74673
2.14476e-008 1.74673
2.16476e-008 1.74673
2.18476e-008 1.73677
2.20476e-008 1.74009
2.22476e-008 1.73677
2.24476e-008 1.73013
2.26476e-008 1.73013
2.28476e-008 1.72348
2.30476e-008 1.7268
2.32476e-008 1.72348
2.34476e-008 1.72348
2.36476e-008 1.71352
2.38476e-008 1.71684
2.40476e-008 1.71352
2.42476e-008 1.71352
2.44476e-008 1.71352
2.46476e-008 1.7102
2.48476e-008 1.7102
2.50476e-008 1.7102
2.52476e-008 1.7102
2.54476e-008 1.70356
2.56476e-008 1.70688
2.58476e-008 1.70356
2.60476e-008 1.70356
2.62476e-008 1.70024
2.64476e-008 1.70024
2.66476e-008 1.6936
2.68476e-008 1.69692
2.70476e-008 1.69027
2.72476e-008 1.68695
2.74476e-008 1.68031
2.76476e-008 1.68031
2.78476e-008 1.68031
2.80476e-008 1.68031
2.82476e-008 1.68031
2.84476e-008 1.68031
2.86476e-008 1.67699
2.88476e-008 1.67699
2.90476e-008 1.67367
2.92476e-008 1.67367
2.94476e-008 1.67035
2.96476e-008 1.67367
2.98476e-008 1.67367
3.00476e-008 1.67367
3.02476e-008 1.67699
3.04476e-008 1.66703
3.06476e-008 1.67035
3.08476e-008 1.66703
3.10476e-008 1.66371
3.12476e-008 1.66703
3.14476e-008 1.66371
3.16476e-008 1.66371
3.18476e-008 1.66039
3.20476e-008 1.66039
3.22476e-008 1.66703
3.24476e-008 1.66371
3.26476e-008 1.66039
3.28476e-008 1.65706
3.30476e-008 1.66039
3.32476e-008 1.65706
3.34476e-008 1.65706
3.36476e-008 1.65374
3.38476e-008 1.65374
3.40476e-008 1.65374
3.42476e-008 1.65706
3.44476e-008 1.65374
3.46476e-008 1.65374
3.48476e-008 1.65706
3.50476e-008 1.65374
3.52476e-008 1.65706
3.54476e-008 1.65374
3.56476e-008 1.65374
3.58476e-008 1.65706
3.60476e-008 1.65706
3.62476e-008 1.65706
3.64476e-008 1.65706
3.66476e-008 1.65706
3.68476e-008 1.65374
3.70476e-008 1.65374
3.72476e-008 1.65042
3.74476e-008 1.65042
3.76476e-008 1.65042
3.78476e-008 1.65042
3.80476e-008 1.65042
3.82476e-008 1.65042
3.84476e-008 1.65042
3.86476e-008 1.6471
3.88476e-008 1.65042
3.90476e-008 1.65042
3.92476e-008 1.64378
3.94476e-008 1.65042
3.96476e-008 1.65042
3.98476e-008 1.65374
4.00476e-008 1.65042
4.02476e-008 1.65042
4.04476e-008 1.65042
4.06476e-008 1.65042
4.08476e-008 1.6471
4.10476e-008 1.65042
4.12476e-008 1.65042
4.14476e-008 1.65042
4.16476e-008 1.6471
4.18476e-008 1.6471
4.20476e-008 1.6471
4.22476e-008 1.65042
4.24476e-008 1.64378
4.26476e-008 1.6471
4.28476e-008 1.64046
4.30476e-008 1.64378
4.32476e-008 1.64378
4.34476e-008 1.64378
4.36476e-008 1.64378
4.38476e-008 1.6471
4.40476e-008 1.64378
4.42476e-008 1.64046
4.44476e-008 1.64046
4.46476e-008 1.64378
4.48476e-008 1.64046
4.50476e-008 1.64378
4.52476e-008 1.64378
4.54476e-008 1.64378
4.56476e-008 1.6471
4.58476e-008 1.65042
4.60476e-008 1.64378
4.62476e-008 1.6471
4.64476e-008 1.65042
4.66476e-008 1.65042
4.68476e-008 1.65042
4.70476e-008 1.65042
4.72476e-008 1.6471
4.74476e-008 1.6471
4.76476e-008 1.6471
4.78476e-008 1.6471
4.80476e-008 1.6471
4.82476e-008 1.6471
4.84476e-008 1.64378
4.86476e-008 1.64378
4.88476e-008 1.6471
4.90476e-008 1.64378
4.92476e-008 1.64046
4.94476e-008 1.65042
4.96476e-008 1.64378
4.98476e-008 1.64378
5.00476e-008 1.6471
5.02476e-008 1.65042
5.04476e-008 1.64378
5.06476e-008 1.6471
5.08476e-008 1.64378
5.10476e-008 1.6471
5.12476e-008 1.6471
5.14476e-008 1.6471
5.16476e-008 1.64378
5.18476e-008 1.6471
5.20476e-008 1.65042
5.22476e-008 1.65042
5.24476e-008 1.65042
5.26476e-008 1.65042
5.28476e-008 1.65042
5.30476e-008 1.65042
5.32476e-008 1.6471
5.34476e-008 1.6471
5.36476e-008 1.64046
5.38476e-008 1.6471
5.40476e-008 1.6471
5.42476e-008 1.6471
5.44476e-008 1.65042
5.46476e-008 1.65042
5.48476e-008 1.6471
5.50476e-008 1.6471
5.52476e-008 1.6471
5.54476e-008 1.65042
5.56476e-008 1.65042
5.58476e-008 1.6471
5.60476e-008 1.65042
5.62476e-008 1.65042
5.64476e-008 1.65042
5.66476e-008 1.65042
5.68476e-008 1.6471
5.70476e-008 1.6471
5.72476e-008 1.6471
5.74476e-008 1.6471
5.76476e-008 1.6471
5.78476e-008 1.65042
5.80476e-008 1.64378
5.82476e-008 1.6471
5.84476e-008 1.64378
5.86476e-008 1.6471
5.88476e-008 1.6471
5.90476e-008 1.6471
5.92476e-008 1.6471
5.94476e-008 1.65042
5.96476e-008 1.65042
5.98476e-008 1.6471
6.00476e-008 1.6471
6.02476e-008 1.6471
6.04476e-008 1.6471
6.06476e-008 1.6471
6.08476e-008 1.64378
6.10476e-008 1.64378
6.12476e-008 1.64046
6.14476e-008 1.64378
6.16476e-008 1.64378
6.18476e-008 1.6471
6.20476e-008 1.6471
6.22476e-008 1.6471
6.24476e-008 1.64378
6.26476e-008 1.6471
6.28476e-008 1.6471
6.30476e-008 1.6471
6.32476e-008 1.65042
6.34476e-008 1.6471
6.36476e-008 1.6471
6.38476e-008 1.65042
6.40476e-008 1.64378
6.42476e-008 1.65042
6.44476e-008 1.64378
6.46476e-008 1.64378
6.48476e-008 1.6471
6.50476e-008 1.64378
6.52476e-008 1.65042
6.54476e-008 1.65042
6.56476e-008 1.6471
6.58476e-008 1.6471
6.60476e-008 1.6471
6.62476e-008 1.6471
6.64476e-008 1.6471
6.66476e-008 1.6471
6.68476e-008 1.65042
6.70476e-008 1.6471
6.72476e-008 1.6471
6.74476e-008 1.6471
6.76476e-008 1.6471
6.78476e-008 1.6471
6.80476e-008 1.64378
6.82476e-008 1.6471
6.84476e-008 1.64378
6.86476e-008 1.64378
6.88476e-008 1.6471
6.90476e-008 1.65042
6.92476e-008 1.64378
6.94476e-008 1.6471
6.96476e-008 1.65042
6.98476e-008 1.65374
7.00476e-008 1.6471
7.02476e-008 1.6471
7.04476e-008 1.6471
7.06476e-008 1.65042
7.08476e-008 1.65042
7.10476e-008 1.6471
7.12476e-008 1.64378
7.14476e-008 1.6471
7.16476e-008 1.6471
7.18476e-008 1.6471
7.20476e-008 1.64378
7.22476e-008 1.64378
7.24476e-008 1.64378
7.26476e-008 1.6471
7.28476e-008 1.64378
7.30476e-008 1.6471
7.32476e-008 1.6471
7.34476e-008 1.6471
7.36476e-008 1.65042
7.38476e-008 1.65042
7.40476e-008 1.65042
7.42476e-008 1.65042
7.44476e-008 1.65042
7.46476e-008 1.65374
7.48476e-008 1.65374
7.50476e-008 1.64378
7.52476e-008 1.65042
7.54476e-008 1.65042
7.56476e-008 1.65042
7.58476e-008 1.65042
7.60476e-008 1.65042
7.62476e-008 1.65374
7.64476e-008 1.65374
7.66476e-008 1.65706
7.68476e-008 1.65374
7.70476e-008 1.65374
7.72476e-008 1.6471
7.74476e-008 1.65042
7.76476e-008 1.64378
7.78476e-008 1.65042
7.80476e-008 1.6471
7.82476e-008 1.65042
7.84476e-008 1.65042
7.86476e-008 1.65042
7.88476e-008 1.65042
7.90476e-008 1.65374
7.92476e-008 1.65374
7.94476e-008 1.65374
7.96476e-008 1.65706
7.98476e-008 1.65374
8.00476e-008 1.65374
8.02476e-008 1.65374
8.04476e-008 1.65042
8.06476e-008 1.65042
8.08476e-008 1.65042
8.10476e-008 1.65042
8.12476e-008 1.65374
8.14476e-008 1.65374
8.16476e-008 1.65042
8.18476e-008 1.6471
8.20476e-008 1.6471
8.22476e-008 1.6471
8.24476e-008 1.6471
8.26476e-008 1.65374
8.28476e-008 1.65374
8.30476e-008 1.65374
8.32476e-008 1.65042
8.34476e-008 1.65042
8.36476e-008 1.65042
8.38476e-008 1.6471
8.40476e-008 1.65042
8.42476e-008 1.65374
8.44476e-008 1.65374
8.46476e-008 1.64378
8.48476e-008 1.64378
8.50476e-008 1.6471
8.52476e-008 1.64378
8.54476e-008 1.65042
8.56476e-008 1.65042
8.58476e-008 1.6471
8.60476e-008 1.6471
8.62476e-008 1.6471
8.64476e-008 1.65042
8.66476e-008 1.65042
8.68476e-008 1.65042
8.70476e-008 1.65042
8.72476e-008 1.6471
8.74476e-008 1.6471
8.76476e-008 1.64378
8.78476e-008 1.64378
8.80476e-008 1.64378
8.82476e-008 1.6471
8.84476e-008 1.6471
8.86476e-008 1.6471
8.88476e-008 1.64378
8.90476e-008 1.64378
8.92476e-008 1.64378
8.94476e-008 1.6471
8.96476e-008 1.6471
8.98476e-008 1.6471
9.00476e-008 1.64378
9.02476e-008 1.64378
9.04476e-008 1.64046
9.06476e-008 1.6471
9.08476e-008 1.64378
9.10476e-008 1.64378
9.12476e-008 1.64378
9.14476e-008 1.65042
9.16476e-008 1.64378
9.18476e-008 1.64046
9.20476e-008 1.64378
9.22476e-008 1.6471
9.24476e-008 1.64378
9.26476e-008 1.6471
9.28476e-008 1.64378
9.30476e-008 1.64378
9.32476e-008 1.64378
9.34476e-008 1.64378
9.36476e-008 1.64046
9.38476e-008 1.64378
9.40476e-008 1.64378
9.42476e-008 1.64378
9.44476e-008 1.64378
9.46476e-008 1.64378
9.48476e-008 1.64046
9.50476e-008 1.64046
9.52476e-008 1.64046
9.54476e-008 1.64378
9.56476e-008 1.64046
9.58476e-008 1.64378
9.60476e-008 1.64046
9.62476e-008 1.6471
9.64476e-008 1.64378
9.66476e-008 1.64378
9.68476e-008 1.64046
9.70476e-008 1.64378
9.72476e-008 1.64378
9.74476e-008 1.64046
9.76476e-008 1.64378
9.78476e-008 1.64378
9.80476e-008 1.64378
9.82476e-008 1.65042
9.84476e-008 1.64378
9.86476e-008 1.6471
9.88476e-008 1.64046
9.90476e-008 1.64378
9.92476e-008 1.64378
9.94476e-008 1.64378
9.96476e-008 1.64046
9.98476e-008 1.64378
1.00048e-007 1.64378
1.00248e-007 1.6471
1.00448e-007 1.64378
1.00648e-007 1.64378
1.00848e-007 1.64046
1.01048e-007 1.64378
1.01248e-007 1.64046
1.01448e-007 1.64378
1.01648e-007 1.64378
1.01848e-007 1.6471
1.02048e-007 1.6471
1.02248e-007 1.64378
1.02448e-007 1.64378
1.02648e-007 1.6471
1.02848e-007 1.64378
1.03048e-007 1.6471
1.03248e-007 1.6471
1.03448e-007 1.64378
1.03648e-007 1.64378
1.03848e-007 1.64378
1.04048e-007 1.64378
1.04248e-007 1.64378
1.04448e-007 1.64378
1.04648e-007 1.64378
1.04848e-007 1.64378
1.05048e-007 1.64378
1.05248e-007 1.64378
1.05448e-007 1.64378
1.05648e-007 1.64378
1.05848e-007 1.64378
1.06048e-007 1.64378
1.06248e-007 1.64378
1.06448e-007 1.64378
1.06648e-007 1.64046
1.06848e-007 1.64046
1.07048e-007 1.64046
1.07248e-007 1.64046
1.07448e-007 1.64378
1.07648e-007 1.64046
1.07848e-007 1.64046
1.08048e-007 1.64046
1.08248e-007 1.64378
1.08448e-007 1.64378
1.08648e-007 1.64378
1.08848e-007 1.64046
1.09048e-007 1.6471
1.09248e-007 1.64378
1.09448e-007 1.6471
1.09648e-007 1.64378
1.09848e-007 1.64046
1.10048e-007 1.64378
1.10248e-007 1.64378
1.10448e-007 1.64378
1.10648e-007 1.64378
1.10848e-007 1.64046
1.11048e-007 1.64378
1.11248e-007 1.64378
1.11448e-007 1.6471
1.11648e-007 1.6471
1.11848e-007 1.6471
1.12048e-007 1.6471
1.12248e-007 1.64378
1.12448e-007 1.64378
1.12648e-007 1.6471
1.12848e-007 1.6471
1.13048e-007 1.64378
1.13248e-007 1.64046
1.13448e-007 1.64378
1.13648e-007 1.64046
1.13848e-007 1.64378
1.14048e-007 1.64046
1.14248e-007 1.64378
1.14448e-007 1.64378
1.14648e-007 1.65042
1.14848e-007 1.65042
1.15048e-007 1.65042
1.15248e-007 1.6471
1.15448e-007 1.65042
1.15648e-007 1.65042
1.15848e-007 1.6471
1.16048e-007 1.6471
1.16248e-007 1.65042
1.16448e-007 1.6471
1.16648e-007 1.6471
1.16848e-007 1.64378
1.17048e-007 1.65042
1.17248e-007 1.6471
1.17448e-007 1.6471
1.17648e-007 1.64378
1.17848e-007 1.65042
1.18048e-007 1.6471
1.18248e-007 1.6471
1.18448e-007 1.64378
1.18648e-007 1.64378
1.18848e-007 1.64378
1.19048e-007 1.64378
1.19248e-007 1.64046
1.19448e-007 1.6471
1.19648e-007 1.64378
1.19848e-007 1.64378
1.20048e-007 1.64378
1.20248e-007 1.6471
1.20448e-007 1.6471
1.20648e-007 1.6471
1.20848e-007 1.65042
1.21048e-007 1.65042
1.21248e-007 1.6471
1.21448e-007 1.6471
1.21648e-007 1.6471
1.21848e-007 1.6471
1.22048e-007 1.6471
1.22248e-007 1.6471
1.22448e-007 1.64378
1.22648e-007 1.6471
1.22848e-007 1.6471
1.23048e-007 1.6471
1.23248e-007 1.64378
1.23448e-007 1.6471
1.23648e-007 1.64378
1.23848e-007 1.65042
1.24048e-007 1.6471
1.24248e-007 1.64378
1.24448e-007 1.6471
1.24648e-007 1.64378
1.24848e-007 1.64378
1.25048e-007 1.6471
1.25248e-007 1.64378
1.25448e-007 1.64378
1.25648e-007 1.64378
1.25848e-007 1.64378
1.26048e-007 1.64378
1.26248e-007 1.64378
1.26448e-007 1.64378
1.26648e-007 1.64046
1.26848e-007 1.63714
1.27048e-007 1.64046
1.27248e-007 1.64046
1.27448e-007 1.64378
1.27648e-007 1.64046
1.27848e-007 1.64378
1.28048e-007 1.64046
1.28248e-007 1.6471
1.28448e-007 1.64378
1.28648e-007 1.64378
1.28848e-007 1.64046
1.29048e-007 1.6471
1.29248e-007 1.64378
1.29448e-007 1.65042
1.29648e-007 1.6471
1.29848e-007 1.65042
1.30048e-007 1.6471
1.30248e-007 1.6471
1.30448e-007 1.6471
1.30648e-007 1.6471
1.30848e-007 1.6471
1.31048e-007 1.6471
1.31248e-007 1.6471
1.31448e-007 1.65042
1.31648e-007 1.64378
1.31848e-007 1.6471
1.32048e-007 1.64378
1.32248e-007 1.6471
1.32448e-007 1.64378
1.32648e-007 1.64378
1.32848e-007 1.64378
1.33048e-007 1.6471
1.33248e-007 1.65042
1.33448e-007 1.6471
1.33648e-007 1.6471
1.33848e-007 1.65042
1.34048e-007 1.6471
1.34248e-007 1.6471
1.34448e-007 1.64378
1.34648e-007 1.6471
1.34848e-007 1.64378
1.35048e-007 1.6471
1.35248e-007 1.64378
1.35448e-007 1.65042
1.35648e-007 1.65042
1.35848e-007 1.65042
1.36048e-007 1.64378
1.36248e-007 1.6471
1.36448e-007 1.64378
1.36648e-007 1.64378
1.36848e-007 1.64378
1.37048e-007 1.6471
1.37248e-007 1.6471
1.37448e-007 1.6471
1.37648e-007 1.64378
1.37848e-007 1.6471
1.38048e-007 1.64378
1.38248e-007 1.65042
1.38448e-007 1.64378
1.38648e-007 1.65042
1.38848e-007 1.64378
1.39048e-007 1.6471
1.39248e-007 1.64378
1.39448e-007 1.6471
1.39648e-007 1.64046
1.39848e-007 1.65042
1.40048e-007 1.65042
1.40248e-007 1.65042
1.40448e-007 1.6471
1.40648e-007 1.65042
1.40848e-007 1.64378
1.41048e-007 1.64378
1.41248e-007 1.64378
1.41448e-007 1.6471
1.41648e-007 1.64378
1.41848e-007 1.6471
1.42048e-007 1.64378
1.42248e-007 1.64378
1.42448e-007 1.64378
1.42648e-007 1.64378
1.42848e-007 1.64378
1.43048e-007 1.64378
1.43248e-007 1.64046
1.43448e-007 1.64378
1.43648e-007 1.64378
1.43848e-007 1.65042
1.44048e-007 1.64378
1.44248e-007 1.65042
1.44448e-007 1.65042
1.44648e-007 1.65042
1.44848e-007 1.65042
1.45048e-007 1.6471
1.45248e-007 1.6471
1.45448e-007 1.65042
1.45648e-007 1.64378
1.45848e-007 1.6471
1.46048e-007 1.64378
1.46248e-007 1.64378
1.46448e-007 1.64046
1.46648e-007 1.64378
1.46848e-007 1.64378
1.47048e-007 1.6471
1.47248e-007 1.6471
1.47448e-007 1.6471
1.47648e-007 1.64046
1.47848e-007 1.64378
1.48048e-007 1.64378
1.48248e-007 1.64378
1.48448e-007 1.64046
