LECROYWS44MXs-B 69584 Waveform
Segments 1 SegmentSize 1002
Segment TrigTime TimeSinceSegment1
#1 23-Jun-2015 23:23:01 0                 
Time Ampl
-5.17741e-008 1.65042
-5.15741e-008 1.65042
-5.13741e-008 1.65042
-5.11741e-008 1.6471
-5.09741e-008 1.6471
-5.07741e-008 1.6471
-5.05741e-008 1.6471
-5.03741e-008 1.65042
-5.01741e-008 1.64378
-4.99741e-008 1.6471
-4.97741e-008 1.6471
-4.95741e-008 1.6471
-4.93741e-008 1.6471
-4.91741e-008 1.65042
-4.89741e-008 1.6471
-4.87741e-008 1.65042
-4.85741e-008 1.65374
-4.83741e-008 1.65042
-4.81741e-008 1.65042
-4.79741e-008 1.65374
-4.77741e-008 1.65374
-4.75741e-008 1.65042
-4.73741e-008 1.65374
-4.71741e-008 1.65042
-4.69741e-008 1.65042
-4.67741e-008 1.65042
-4.65741e-008 1.65042
-4.63741e-008 1.64378
-4.61741e-008 1.65042
-4.59741e-008 1.64378
-4.57741e-008 1.65042
-4.55741e-008 1.65042
-4.53741e-008 1.65042
-4.51741e-008 1.65042
-4.49741e-008 1.65042
-4.47741e-008 1.65374
-4.45741e-008 1.65042
-4.43741e-008 1.65042
-4.41741e-008 1.65042
-4.39741e-008 1.6471
-4.37741e-008 1.6471
-4.35741e-008 1.65042
-4.33741e-008 1.65042
-4.31741e-008 1.6471
-4.29741e-008 1.65042
-4.27741e-008 1.6471
-4.25741e-008 1.65042
-4.23741e-008 1.6471
-4.21741e-008 1.6471
-4.19741e-008 1.6471
-4.17741e-008 1.6471
-4.15741e-008 1.6471
-4.13741e-008 1.6471
-4.11741e-008 1.6471
-4.09741e-008 1.6471
-4.07741e-008 1.64378
-4.05741e-008 1.6471
-4.03741e-008 1.6471
-4.01741e-008 1.6471
-3.99741e-008 1.65042
-3.97741e-008 1.6471
-3.95741e-008 1.64378
-3.93741e-008 1.6471
-3.91741e-008 1.64378
-3.89741e-008 1.65042
-3.87741e-008 1.6471
-3.85741e-008 1.65374
-3.83741e-008 1.65042
-3.81741e-008 1.6471
-3.79741e-008 1.6471
-3.77741e-008 1.65042
-3.75741e-008 1.6471
-3.73741e-008 1.65042
-3.71741e-008 1.6471
-3.69741e-008 1.65042
-3.67741e-008 1.65042
-3.65741e-008 1.65042
-3.63741e-008 1.64046
-3.61741e-008 1.6471
-3.59741e-008 1.64378
-3.57741e-008 1.6471
-3.55741e-008 1.64378
-3.53741e-008 1.64378
-3.51741e-008 1.6471
-3.49741e-008 1.64378
-3.47741e-008 1.64378
-3.45741e-008 1.6471
-3.43741e-008 1.6471
-3.41741e-008 1.6471
-3.39741e-008 1.6471
-3.37741e-008 1.65042
-3.35741e-008 1.6471
-3.33741e-008 1.6471
-3.31741e-008 1.64378
-3.29741e-008 1.65042
-3.27741e-008 1.65042
-3.25741e-008 1.65042
-3.23741e-008 1.6471
-3.21741e-008 1.6471
-3.19741e-008 1.6471
-3.17741e-008 1.6471
-3.15741e-008 1.65042
-3.13741e-008 1.6471
-3.11741e-008 1.65042
-3.09741e-008 1.64378
-3.07741e-008 1.64378
-3.05741e-008 1.65042
-3.03741e-008 1.64378
-3.01741e-008 1.64378
-2.99741e-008 1.65042
-2.97741e-008 1.6471
-2.95741e-008 1.6471
-2.93741e-008 1.6471
-2.91741e-008 1.65042
-2.89741e-008 1.65042
-2.87741e-008 1.65042
-2.85741e-008 1.65042
-2.83741e-008 1.65042
-2.81741e-008 1.6471
-2.79741e-008 1.6471
-2.77741e-008 1.6471
-2.75741e-008 1.6471
-2.73741e-008 1.6471
-2.71741e-008 1.64378
-2.69741e-008 1.6471
-2.67741e-008 1.64378
-2.65741e-008 1.6471
-2.63741e-008 1.64378
-2.61741e-008 1.64378
-2.59741e-008 1.64046
-2.57741e-008 1.6471
-2.55741e-008 1.64378
-2.53741e-008 1.64378
-2.51741e-008 1.6471
-2.49741e-008 1.6471
-2.47741e-008 1.64378
-2.45741e-008 1.65042
-2.43741e-008 1.64378
-2.41741e-008 1.65042
-2.39741e-008 1.64378
-2.37741e-008 1.6471
-2.35741e-008 1.6471
-2.33741e-008 1.6471
-2.31741e-008 1.65042
-2.29741e-008 1.65042
-2.27741e-008 1.6471
-2.25741e-008 1.6471
-2.23741e-008 1.64378
-2.21741e-008 1.6471
-2.19741e-008 1.64378
-2.17741e-008 1.64378
-2.15741e-008 1.6471
-2.13741e-008 1.64378
-2.11741e-008 1.64378
-2.09741e-008 1.65042
-2.07741e-008 1.6471
-2.05741e-008 1.64378
-2.03741e-008 1.6471
-2.01741e-008 1.6471
-1.99741e-008 1.65042
-1.97741e-008 1.64378
-1.95741e-008 1.6471
-1.93741e-008 1.6471
-1.91741e-008 1.65042
-1.89741e-008 1.65042
-1.87741e-008 1.6471
-1.85741e-008 1.6471
-1.83741e-008 1.6471
-1.81741e-008 1.64378
-1.79741e-008 1.6471
-1.77741e-008 1.64378
-1.75741e-008 1.6471
-1.73741e-008 1.6471
-1.71741e-008 1.64378
-1.69741e-008 1.6471
-1.67741e-008 1.64378
-1.65741e-008 1.6471
-1.63741e-008 1.65042
-1.61741e-008 1.65042
-1.59741e-008 1.65042
-1.57741e-008 1.6471
-1.55741e-008 1.6471
-1.53741e-008 1.65042
-1.51741e-008 1.64378
-1.49741e-008 1.6471
-1.47741e-008 1.6471
-1.45741e-008 1.6471
-1.43741e-008 1.65042
-1.41741e-008 1.6471
-1.39741e-008 1.6471
-1.37741e-008 1.6471
-1.35741e-008 1.65042
-1.33741e-008 1.6471
-1.31741e-008 1.6471
-1.29741e-008 1.65042
-1.27741e-008 1.65042
-1.25741e-008 1.6471
-1.23741e-008 1.65042
-1.21741e-008 1.65374
-1.19741e-008 1.65042
-1.17741e-008 1.65374
-1.15741e-008 1.65042
-1.13741e-008 1.65042
-1.11741e-008 1.65042
-1.09741e-008 1.65042
-1.07741e-008 1.65042
-1.05741e-008 1.65042
-1.03741e-008 1.6471
-1.01741e-008 1.65042
-9.97411e-009 1.65042
-9.77411e-009 1.6471
-9.57411e-009 1.6471
-9.37411e-009 1.65042
-9.17411e-009 1.64378
-8.97411e-009 1.6471
-8.77411e-009 1.6471
-8.57411e-009 1.6471
-8.37411e-009 1.65042
-8.17411e-009 1.6471
-7.97411e-009 1.65042
-7.77411e-009 1.65042
-7.57411e-009 1.65042
-7.37411e-009 1.65042
-7.17411e-009 1.65042
-6.97411e-009 1.65042
-6.77411e-009 1.65042
-6.57411e-009 1.65042
-6.37411e-009 1.65374
-6.17411e-009 1.65374
-5.97411e-009 1.65374
-5.77411e-009 1.65706
-5.57411e-009 1.66039
-5.37411e-009 1.66371
-5.17411e-009 1.67035
-4.97411e-009 1.67035
-4.77411e-009 1.67367
-4.57411e-009 1.67699
-4.37411e-009 1.68363
-4.17411e-009 1.69027
-3.97411e-009 1.6936
-3.77411e-009 1.69692
-3.57411e-009 1.70024
-3.37411e-009 1.70688
-3.17411e-009 1.71352
-2.97411e-009 1.71684
-2.77411e-009 1.72348
-2.57411e-009 1.73013
-2.37411e-009 1.73345
-2.17411e-009 1.74341
-1.97411e-009 1.74673
-1.77411e-009 1.75005
-1.57411e-009 1.76333
-1.37411e-009 1.76998
-1.17411e-009 1.7733
-9.74112e-010 1.77994
-7.74112e-010 1.78658
-5.74112e-010 1.79654
-3.74112e-010 1.80319
-1.74112e-010 1.80983
2.58885e-011 1.81979
2.25888e-010 1.82975
4.25888e-010 1.83307
6.25888e-010 1.84636
8.25888e-010 1.84968
1.02589e-009 1.85964
1.22589e-009 1.86296
1.42589e-009 1.8696
1.62589e-009 1.87293
1.82589e-009 1.87957
2.02589e-009 1.88953
2.22589e-009 1.89285
2.42589e-009 1.89617
2.62589e-009 1.90613
2.82589e-009 1.90946
3.02589e-009 1.9161
3.22589e-009 1.91942
3.42589e-009 1.91942
3.62589e-009 1.92606
3.82589e-009 1.9327
4.02589e-009 1.93602
4.22589e-009 1.93602
4.42589e-009 1.94599
4.62589e-009 1.94267
4.82589e-009 1.94599
5.02589e-009 1.94599
5.22589e-009 1.95263
5.42589e-009 1.95263
5.62589e-009 1.95595
5.82589e-009 1.95263
6.02589e-009 1.95927
6.22589e-009 1.95595
6.42589e-009 1.96259
6.62589e-009 1.96259
6.82589e-009 1.96259
7.02589e-009 1.95927
7.22589e-009 1.95927
7.42589e-009 1.95927
7.62589e-009 1.96259
7.82589e-009 1.96259
8.02589e-009 1.95927
8.22589e-009 1.95595
8.42589e-009 1.95927
8.62589e-009 1.95263
8.82589e-009 1.95595
9.02589e-009 1.94931
9.22589e-009 1.94599
9.42589e-009 1.94599
9.62589e-009 1.94599
9.82589e-009 1.94267
1.00259e-008 1.93602
1.02259e-008 1.93602
1.04259e-008 1.9327
1.06259e-008 1.92938
1.08259e-008 1.92606
1.10259e-008 1.92274
1.12259e-008 1.92274
1.14259e-008 1.9161
1.16259e-008 1.9161
1.18259e-008 1.9161
1.20259e-008 1.90946
1.22259e-008 1.90613
1.24259e-008 1.90281
1.26259e-008 1.90281
1.28259e-008 1.89285
1.30259e-008 1.88953
1.32259e-008 1.88621
1.34259e-008 1.88289
1.36259e-008 1.88621
1.38259e-008 1.87625
1.40259e-008 1.87293
1.42259e-008 1.8696
1.44259e-008 1.8696
1.46259e-008 1.86296
1.48259e-008 1.85632
1.50259e-008 1.85964
1.52259e-008 1.85632
1.54259e-008 1.84968
1.56259e-008 1.84968
1.58259e-008 1.84304
1.60259e-008 1.8364
1.62259e-008 1.8364
1.64259e-008 1.82975
1.66259e-008 1.82643
1.68259e-008 1.81647
1.70259e-008 1.81979
1.72259e-008 1.81979
1.74259e-008 1.81315
1.76259e-008 1.80983
1.78259e-008 1.80319
1.80259e-008 1.80319
1.82259e-008 1.79987
1.84259e-008 1.79654
1.86259e-008 1.7899
1.88259e-008 1.7899
1.90259e-008 1.7899
1.92259e-008 1.77994
1.94259e-008 1.77662
1.96259e-008 1.77662
1.98259e-008 1.76998
2.00259e-008 1.76666
2.02259e-008 1.76666
2.04259e-008 1.76333
2.06259e-008 1.76333
2.08259e-008 1.76333
2.10259e-008 1.76001
2.12259e-008 1.75669
2.14259e-008 1.75669
2.16259e-008 1.75005
2.18259e-008 1.74341
2.20259e-008 1.74341
2.22259e-008 1.73345
2.24259e-008 1.73677
2.26259e-008 1.73677
2.28259e-008 1.73013
2.30259e-008 1.73013
2.32259e-008 1.72348
2.34259e-008 1.7268
2.36259e-008 1.7268
2.38259e-008 1.72348
2.40259e-008 1.72348
2.42259e-008 1.71352
2.44259e-008 1.7102
2.46259e-008 1.7102
2.48259e-008 1.70688
2.50259e-008 1.70356
2.52259e-008 1.70356
2.54259e-008 1.69692
2.56259e-008 1.69692
2.58259e-008 1.69692
2.60259e-008 1.69692
2.62259e-008 1.6936
2.64259e-008 1.69692
2.66259e-008 1.69027
2.68259e-008 1.69027
2.70259e-008 1.68695
2.72259e-008 1.68695
2.74259e-008 1.68363
2.76259e-008 1.68031
2.78259e-008 1.68031
2.80259e-008 1.67699
2.82259e-008 1.68031
2.84259e-008 1.68031
2.86259e-008 1.67699
2.88259e-008 1.67699
2.90259e-008 1.67699
2.92259e-008 1.67699
2.94259e-008 1.67699
2.96259e-008 1.67699
2.98259e-008 1.67367
3.00259e-008 1.67035
3.02259e-008 1.67035
3.04259e-008 1.67035
3.06259e-008 1.67367
3.08259e-008 1.66703
3.10259e-008 1.66703
3.12259e-008 1.66703
3.14259e-008 1.66039
3.16259e-008 1.66371
3.18259e-008 1.66371
3.20259e-008 1.66371
3.22259e-008 1.66371
3.24259e-008 1.66039
3.26259e-008 1.66039
3.28259e-008 1.65706
3.30259e-008 1.66039
3.32259e-008 1.65374
3.34259e-008 1.66039
3.36259e-008 1.66039
3.38259e-008 1.65706
3.40259e-008 1.65706
3.42259e-008 1.66039
3.44259e-008 1.65706
3.46259e-008 1.65706
3.48259e-008 1.65706
3.50259e-008 1.65706
3.52259e-008 1.65706
3.54259e-008 1.65706
3.56259e-008 1.65706
3.58259e-008 1.65374
3.60259e-008 1.65374
3.62259e-008 1.65374
3.64259e-008 1.65042
3.66259e-008 1.65042
3.68259e-008 1.65042
3.70259e-008 1.65374
3.72259e-008 1.6471
3.74259e-008 1.6471
3.76259e-008 1.6471
3.78259e-008 1.6471
3.80259e-008 1.65042
3.82259e-008 1.65042
3.84259e-008 1.65042
3.86259e-008 1.65042
3.88259e-008 1.6471
3.90259e-008 1.6471
3.92259e-008 1.6471
3.94259e-008 1.6471
3.96259e-008 1.64378
3.98259e-008 1.65042
4.00259e-008 1.6471
4.02259e-008 1.6471
4.04259e-008 1.65042
4.06259e-008 1.6471
4.08259e-008 1.65042
4.10259e-008 1.6471
4.12259e-008 1.6471
4.14259e-008 1.65042
4.16259e-008 1.6471
4.18259e-008 1.65042
4.20259e-008 1.6471
4.22259e-008 1.65042
4.24259e-008 1.6471
4.26259e-008 1.6471
4.28259e-008 1.6471
4.30259e-008 1.6471
4.32259e-008 1.6471
4.34259e-008 1.64378
4.36259e-008 1.6471
4.38259e-008 1.6471
4.40259e-008 1.6471
4.42259e-008 1.6471
4.44259e-008 1.6471
4.46259e-008 1.6471
4.48259e-008 1.64378
4.50259e-008 1.6471
4.52259e-008 1.64378
4.54259e-008 1.6471
4.56259e-008 1.6471
4.58259e-008 1.6471
4.60259e-008 1.64378
4.62259e-008 1.6471
4.64259e-008 1.65042
4.66259e-008 1.65042
4.68259e-008 1.65042
4.70259e-008 1.6471
4.72259e-008 1.6471
4.74259e-008 1.6471
4.76259e-008 1.65042
4.78259e-008 1.65042
4.80259e-008 1.65042
4.82259e-008 1.6471
4.84259e-008 1.65042
4.86259e-008 1.64378
4.88259e-008 1.64378
4.90259e-008 1.6471
4.92259e-008 1.64378
4.94259e-008 1.6471
4.96259e-008 1.6471
4.98259e-008 1.65042
5.00259e-008 1.65042
5.02259e-008 1.6471
5.04259e-008 1.6471
5.06259e-008 1.65042
5.08259e-008 1.6471
5.10259e-008 1.65042
5.12259e-008 1.6471
5.14259e-008 1.65042
5.16259e-008 1.6471
5.18259e-008 1.6471
5.20259e-008 1.64378
5.22259e-008 1.6471
5.24259e-008 1.6471
5.26259e-008 1.6471
5.28259e-008 1.65042
5.30259e-008 1.6471
5.32259e-008 1.64378
5.34259e-008 1.65042
5.36259e-008 1.6471
5.38259e-008 1.6471
5.40259e-008 1.6471
5.42259e-008 1.65042
5.44259e-008 1.65042
5.46259e-008 1.65374
5.48259e-008 1.65042
5.50259e-008 1.65374
5.52259e-008 1.65042
5.54259e-008 1.65374
5.56259e-008 1.6471
5.58259e-008 1.65042
5.60259e-008 1.65042
5.62259e-008 1.65042
5.64259e-008 1.65042
5.66259e-008 1.65042
5.68259e-008 1.6471
5.70259e-008 1.6471
5.72259e-008 1.65042
5.74259e-008 1.65042
5.76259e-008 1.65374
5.78259e-008 1.65042
5.80259e-008 1.65374
5.82259e-008 1.65042
5.84259e-008 1.65042
5.86259e-008 1.65042
5.88259e-008 1.65042
5.90259e-008 1.65042
5.92259e-008 1.65042
5.94259e-008 1.65042
5.96259e-008 1.65042
5.98259e-008 1.65042
6.00259e-008 1.65042
6.02259e-008 1.65042
6.04259e-008 1.65042
6.06259e-008 1.65042
6.08259e-008 1.6471
6.10259e-008 1.6471
6.12259e-008 1.65042
6.14259e-008 1.65374
6.16259e-008 1.65706
6.18259e-008 1.65374
6.20259e-008 1.65706
6.22259e-008 1.65042
6.24259e-008 1.65374
6.26259e-008 1.65042
6.28259e-008 1.65042
6.30259e-008 1.65042
6.32259e-008 1.65042
6.34259e-008 1.65042
6.36259e-008 1.65042
6.38259e-008 1.65042
6.40259e-008 1.65042
6.42259e-008 1.65374
6.44259e-008 1.6471
6.46259e-008 1.65374
6.48259e-008 1.6471
6.50259e-008 1.65042
6.52259e-008 1.65042
6.54259e-008 1.65374
6.56259e-008 1.65042
6.58259e-008 1.65706
6.60259e-008 1.65374
6.62259e-008 1.65374
6.64259e-008 1.65706
6.66259e-008 1.65374
6.68259e-008 1.65706
6.70259e-008 1.65706
6.72259e-008 1.65374
6.74259e-008 1.65374
6.76259e-008 1.65374
6.78259e-008 1.65042
6.80259e-008 1.65042
6.82259e-008 1.65042
6.84259e-008 1.65042
6.86259e-008 1.65374
6.88259e-008 1.65042
6.90259e-008 1.65042
6.92259e-008 1.65042
6.94259e-008 1.65374
6.96259e-008 1.65374
6.98259e-008 1.65374
7.00259e-008 1.65042
7.02259e-008 1.65042
7.04259e-008 1.65374
7.06259e-008 1.65374
7.08259e-008 1.65374
7.10259e-008 1.65374
7.12259e-008 1.6471
7.14259e-008 1.65374
7.16259e-008 1.65374
7.18259e-008 1.65706
7.20259e-008 1.65374
7.22259e-008 1.65042
7.24259e-008 1.65042
7.26259e-008 1.65374
7.28259e-008 1.65374
7.30259e-008 1.65706
7.32259e-008 1.65706
7.34259e-008 1.65706
7.36259e-008 1.65706
7.38259e-008 1.66039
7.40259e-008 1.65042
7.42259e-008 1.65706
7.44259e-008 1.65042
7.46259e-008 1.65706
7.48259e-008 1.65706
7.50259e-008 1.65706
7.52259e-008 1.65706
7.54259e-008 1.66039
7.56259e-008 1.66039
7.58259e-008 1.65374
7.60259e-008 1.65706
7.62259e-008 1.65374
7.64259e-008 1.65706
7.66259e-008 1.65706
7.68259e-008 1.65374
7.70259e-008 1.65374
7.72259e-008 1.65374
7.74259e-008 1.65374
7.76259e-008 1.65042
7.78259e-008 1.65042
7.80259e-008 1.65374
7.82259e-008 1.65706
7.84259e-008 1.65706
7.86259e-008 1.65706
7.88259e-008 1.65374
7.90259e-008 1.65706
7.92259e-008 1.65374
7.94259e-008 1.65374
7.96259e-008 1.65706
7.98259e-008 1.65706
8.00259e-008 1.65706
8.02259e-008 1.65706
8.04259e-008 1.65706
8.06259e-008 1.66039
8.08259e-008 1.65706
8.10259e-008 1.65706
8.12259e-008 1.65042
8.14259e-008 1.65042
8.16259e-008 1.65042
8.18259e-008 1.65706
8.20259e-008 1.65042
8.22259e-008 1.65706
8.24259e-008 1.65374
8.26259e-008 1.65706
8.28259e-008 1.65374
8.30259e-008 1.65374
8.32259e-008 1.65042
8.34259e-008 1.65374
8.36259e-008 1.65042
8.38259e-008 1.65374
8.40259e-008 1.65374
8.42259e-008 1.65042
8.44259e-008 1.65042
8.46259e-008 1.65042
8.48259e-008 1.6471
8.50259e-008 1.6471
8.52259e-008 1.65042
8.54259e-008 1.65042
8.56259e-008 1.65374
8.58259e-008 1.65374
8.60259e-008 1.65374
8.62259e-008 1.65042
8.64259e-008 1.65374
8.66259e-008 1.65042
8.68259e-008 1.65374
8.70259e-008 1.65042
8.72259e-008 1.64378
8.74259e-008 1.6471
8.76259e-008 1.64378
8.78259e-008 1.6471
8.80259e-008 1.64046
8.82259e-008 1.64046
8.84259e-008 1.64378
8.86259e-008 1.6471
8.88259e-008 1.64378
8.90259e-008 1.64378
8.92259e-008 1.64378
8.94259e-008 1.6471
8.96259e-008 1.64378
8.98259e-008 1.64378
9.00259e-008 1.6471
9.02259e-008 1.64378
9.04259e-008 1.64378
9.06259e-008 1.6471
9.08259e-008 1.63714
9.10259e-008 1.6471
9.12259e-008 1.64046
9.14259e-008 1.64046
9.16259e-008 1.64378
9.18259e-008 1.64378
9.20259e-008 1.64046
9.22259e-008 1.64046
9.24259e-008 1.64378
9.26259e-008 1.64378
9.28259e-008 1.64378
9.30259e-008 1.6471
9.32259e-008 1.64046
9.34259e-008 1.64046
9.36259e-008 1.64378
9.38259e-008 1.64378
9.40259e-008 1.64378
9.42259e-008 1.64378
9.44259e-008 1.64378
9.46259e-008 1.64378
9.48259e-008 1.64378
9.50259e-008 1.6471
9.52259e-008 1.64378
9.54259e-008 1.6471
9.56259e-008 1.65042
9.58259e-008 1.64378
9.60259e-008 1.64378
9.62259e-008 1.64378
9.64259e-008 1.64378
9.66259e-008 1.64378
9.68259e-008 1.64378
9.70259e-008 1.64378
9.72259e-008 1.64378
9.74259e-008 1.6471
9.76259e-008 1.64378
9.78259e-008 1.6471
9.80259e-008 1.64378
9.82259e-008 1.6471
9.84259e-008 1.64378
9.86259e-008 1.6471
9.88259e-008 1.6471
9.90259e-008 1.6471
9.92259e-008 1.6471
9.94259e-008 1.65042
9.96259e-008 1.64378
9.98259e-008 1.6471
1.00026e-007 1.6471
1.00226e-007 1.64378
1.00426e-007 1.6471
1.00626e-007 1.64378
1.00826e-007 1.64378
1.01026e-007 1.6471
1.01226e-007 1.64378
1.01426e-007 1.6471
1.01626e-007 1.64046
1.01826e-007 1.6471
1.02026e-007 1.64378
1.02226e-007 1.64378
1.02426e-007 1.6471
1.02626e-007 1.64378
1.02826e-007 1.64378
1.03026e-007 1.6471
1.03226e-007 1.64378
1.03426e-007 1.6471
1.03626e-007 1.64378
1.03826e-007 1.6471
1.04026e-007 1.6471
1.04226e-007 1.64378
1.04426e-007 1.64378
1.04626e-007 1.6471
1.04826e-007 1.64378
1.05026e-007 1.6471
1.05226e-007 1.6471
1.05426e-007 1.65042
1.05626e-007 1.64378
1.05826e-007 1.65042
1.06026e-007 1.6471
1.06226e-007 1.65042
1.06426e-007 1.6471
1.06626e-007 1.65042
1.06826e-007 1.65042
1.07026e-007 1.64378
1.07226e-007 1.6471
1.07426e-007 1.6471
1.07626e-007 1.65042
1.07826e-007 1.6471
1.08026e-007 1.6471
1.08226e-007 1.65042
1.08426e-007 1.65042
1.08626e-007 1.65042
1.08826e-007 1.65042
1.09026e-007 1.6471
1.09226e-007 1.6471
1.09426e-007 1.6471
1.09626e-007 1.6471
1.09826e-007 1.6471
1.10026e-007 1.64378
1.10226e-007 1.6471
1.10426e-007 1.64378
1.10626e-007 1.6471
1.10826e-007 1.64046
1.11026e-007 1.6471
1.11226e-007 1.6471
1.11426e-007 1.6471
1.11626e-007 1.65042
1.11826e-007 1.6471
1.12026e-007 1.65042
1.12226e-007 1.65042
1.12426e-007 1.65042
1.12626e-007 1.65042
1.12826e-007 1.65042
1.13026e-007 1.6471
1.13226e-007 1.64378
1.13426e-007 1.6471
1.13626e-007 1.65042
1.13826e-007 1.6471
1.14026e-007 1.6471
1.14226e-007 1.6471
1.14426e-007 1.6471
1.14626e-007 1.65042
1.14826e-007 1.6471
1.15026e-007 1.65042
1.15226e-007 1.6471
1.15426e-007 1.6471
1.15626e-007 1.64378
1.15826e-007 1.65042
1.16026e-007 1.64378
1.16226e-007 1.65042
1.16426e-007 1.65042
1.16626e-007 1.65374
1.16826e-007 1.65042
1.17026e-007 1.65374
1.17226e-007 1.6471
1.17426e-007 1.65042
1.17626e-007 1.64378
1.17826e-007 1.65042
1.18026e-007 1.65042
1.18226e-007 1.6471
1.18426e-007 1.65042
1.18626e-007 1.65042
1.18826e-007 1.65042
1.19026e-007 1.65042
1.19226e-007 1.65042
1.19426e-007 1.65042
1.19626e-007 1.64378
1.19826e-007 1.65042
1.20026e-007 1.65042
1.20226e-007 1.65042
1.20426e-007 1.6471
1.20626e-007 1.65042
1.20826e-007 1.6471
1.21026e-007 1.65042
1.21226e-007 1.6471
1.21426e-007 1.65042
1.21626e-007 1.65042
1.21826e-007 1.6471
1.22026e-007 1.64378
1.22226e-007 1.65042
1.22426e-007 1.6471
1.22626e-007 1.64378
1.22826e-007 1.64378
1.23026e-007 1.6471
1.23226e-007 1.64378
1.23426e-007 1.6471
1.23626e-007 1.64378
1.23826e-007 1.65042
1.24026e-007 1.64378
1.24226e-007 1.6471
1.24426e-007 1.6471
1.24626e-007 1.6471
1.24826e-007 1.64378
1.25026e-007 1.64378
1.25226e-007 1.6471
1.25426e-007 1.6471
1.25626e-007 1.6471
1.25826e-007 1.65042
1.26026e-007 1.6471
1.26226e-007 1.65042
1.26426e-007 1.6471
1.26626e-007 1.65042
1.26826e-007 1.65042
1.27026e-007 1.65042
1.27226e-007 1.65042
1.27426e-007 1.65042
1.27626e-007 1.65042
1.27826e-007 1.65042
1.28026e-007 1.6471
1.28226e-007 1.65042
1.28426e-007 1.65042
1.28626e-007 1.6471
1.28826e-007 1.64378
1.29026e-007 1.6471
1.29226e-007 1.64378
1.29426e-007 1.6471
1.29626e-007 1.6471
1.29826e-007 1.6471
1.30026e-007 1.64378
1.30226e-007 1.6471
1.30426e-007 1.6471
1.30626e-007 1.6471
1.30826e-007 1.6471
1.31026e-007 1.6471
1.31226e-007 1.64378
1.31426e-007 1.65042
1.31626e-007 1.6471
1.31826e-007 1.65042
1.32026e-007 1.6471
1.32226e-007 1.65042
1.32426e-007 1.6471
1.32626e-007 1.6471
1.32826e-007 1.64378
1.33026e-007 1.6471
1.33226e-007 1.6471
1.33426e-007 1.65042
1.33626e-007 1.6471
1.33826e-007 1.64378
1.34026e-007 1.6471
1.34226e-007 1.65042
1.34426e-007 1.65042
1.34626e-007 1.65042
1.34826e-007 1.65042
1.35026e-007 1.6471
1.35226e-007 1.65042
1.35426e-007 1.65042
1.35626e-007 1.6471
1.35826e-007 1.65042
1.36026e-007 1.65042
1.36226e-007 1.65042
1.36426e-007 1.6471
1.36626e-007 1.6471
1.36826e-007 1.64378
1.37026e-007 1.6471
1.37226e-007 1.64378
1.37426e-007 1.65042
1.37626e-007 1.64378
1.37826e-007 1.64378
1.38026e-007 1.6471
1.38226e-007 1.6471
1.38426e-007 1.6471
1.38626e-007 1.65042
1.38826e-007 1.65042
1.39026e-007 1.65042
1.39226e-007 1.6471
1.39426e-007 1.65042
1.39626e-007 1.64378
1.39826e-007 1.64378
1.40026e-007 1.64378
1.40226e-007 1.6471
1.40426e-007 1.64046
1.40626e-007 1.6471
1.40826e-007 1.65042
1.41026e-007 1.6471
1.41226e-007 1.64378
1.41426e-007 1.65042
1.41626e-007 1.6471
1.41826e-007 1.65042
1.42026e-007 1.64378
1.42226e-007 1.6471
1.42426e-007 1.65042
1.42626e-007 1.6471
1.42826e-007 1.64378
1.43026e-007 1.6471
1.43226e-007 1.6471
1.43426e-007 1.6471
1.43626e-007 1.64378
1.43826e-007 1.64378
1.44026e-007 1.6471
1.44226e-007 1.6471
1.44426e-007 1.6471
1.44626e-007 1.6471
1.44826e-007 1.64378
1.45026e-007 1.6471
1.45226e-007 1.6471
1.45426e-007 1.6471
1.45626e-007 1.6471
1.45826e-007 1.6471
1.46026e-007 1.6471
1.46226e-007 1.6471
1.46426e-007 1.6471
1.46626e-007 1.6471
1.46826e-007 1.6471
1.47026e-007 1.64378
1.47226e-007 1.64046
1.47426e-007 1.64378
1.47626e-007 1.64378
1.47826e-007 1.65042
1.48026e-007 1.64378
1.48226e-007 1.6471
1.48426e-007 1.6471
