LECROYWS44MXs-B 69584 Waveform
Segments 1 SegmentSize 1002
Segment TrigTime TimeSinceSegment1
#1 23-Jun-2015 23:16:58 0                 
Time Ampl
-5.17063e-008 1.65042
-5.15063e-008 1.6471
-5.13063e-008 1.64378
-5.11063e-008 1.65042
-5.09063e-008 1.65042
-5.07063e-008 1.65042
-5.05063e-008 1.65042
-5.03063e-008 1.65042
-5.01063e-008 1.65042
-4.99063e-008 1.6471
-4.97063e-008 1.6471
-4.95063e-008 1.6471
-4.93063e-008 1.64046
-4.91063e-008 1.6471
-4.89063e-008 1.65042
-4.87063e-008 1.65042
-4.85063e-008 1.65374
-4.83063e-008 1.65374
-4.81063e-008 1.65374
-4.79063e-008 1.65042
-4.77063e-008 1.65042
-4.75063e-008 1.65374
-4.73063e-008 1.65042
-4.71063e-008 1.65042
-4.69063e-008 1.64378
-4.67063e-008 1.6471
-4.65063e-008 1.64378
-4.63063e-008 1.65042
-4.61063e-008 1.65042
-4.59063e-008 1.65042
-4.57063e-008 1.6471
-4.55063e-008 1.6471
-4.53063e-008 1.6471
-4.51063e-008 1.6471
-4.49063e-008 1.65042
-4.47063e-008 1.65042
-4.45063e-008 1.65042
-4.43063e-008 1.6471
-4.41063e-008 1.65042
-4.39063e-008 1.65042
-4.37063e-008 1.6471
-4.35063e-008 1.65374
-4.33063e-008 1.65042
-4.31063e-008 1.65374
-4.29063e-008 1.6471
-4.27063e-008 1.6471
-4.25063e-008 1.64378
-4.23063e-008 1.6471
-4.21063e-008 1.6471
-4.19063e-008 1.6471
-4.17063e-008 1.6471
-4.15063e-008 1.6471
-4.13063e-008 1.6471
-4.11063e-008 1.65042
-4.09063e-008 1.65042
-4.07063e-008 1.65042
-4.05063e-008 1.65042
-4.03063e-008 1.65374
-4.01063e-008 1.65042
-3.99063e-008 1.65042
-3.97063e-008 1.65042
-3.95063e-008 1.6471
-3.93063e-008 1.6471
-3.91063e-008 1.6471
-3.89063e-008 1.64378
-3.87063e-008 1.6471
-3.85063e-008 1.6471
-3.83063e-008 1.6471
-3.81063e-008 1.6471
-3.79063e-008 1.6471
-3.77063e-008 1.6471
-3.75063e-008 1.64378
-3.73063e-008 1.6471
-3.71063e-008 1.65042
-3.69063e-008 1.64378
-3.67063e-008 1.65042
-3.65063e-008 1.65042
-3.63063e-008 1.6471
-3.61063e-008 1.6471
-3.59063e-008 1.6471
-3.57063e-008 1.64378
-3.55063e-008 1.64378
-3.53063e-008 1.64378
-3.51063e-008 1.64378
-3.49063e-008 1.64378
-3.47063e-008 1.6471
-3.45063e-008 1.64046
-3.43063e-008 1.6471
-3.41063e-008 1.64378
-3.39063e-008 1.6471
-3.37063e-008 1.6471
-3.35063e-008 1.64378
-3.33063e-008 1.64378
-3.31063e-008 1.6471
-3.29063e-008 1.64378
-3.27063e-008 1.6471
-3.25063e-008 1.64378
-3.23063e-008 1.6471
-3.21063e-008 1.64378
-3.19063e-008 1.6471
-3.17063e-008 1.64378
-3.15063e-008 1.64378
-3.13063e-008 1.64378
-3.11063e-008 1.6471
-3.09063e-008 1.64378
-3.07063e-008 1.65042
-3.05063e-008 1.65042
-3.03063e-008 1.65042
-3.01063e-008 1.6471
-2.99063e-008 1.65042
-2.97063e-008 1.6471
-2.95063e-008 1.6471
-2.93063e-008 1.65042
-2.91063e-008 1.6471
-2.89063e-008 1.64378
-2.87063e-008 1.65374
-2.85063e-008 1.6471
-2.83063e-008 1.65042
-2.81063e-008 1.64378
-2.79063e-008 1.65042
-2.77063e-008 1.64378
-2.75063e-008 1.6471
-2.73063e-008 1.64046
-2.71063e-008 1.6471
-2.69063e-008 1.64378
-2.67063e-008 1.6471
-2.65063e-008 1.6471
-2.63063e-008 1.64378
-2.61063e-008 1.64378
-2.59063e-008 1.6471
-2.57063e-008 1.6471
-2.55063e-008 1.65042
-2.53063e-008 1.6471
-2.51063e-008 1.65042
-2.49063e-008 1.6471
-2.47063e-008 1.6471
-2.45063e-008 1.65042
-2.43063e-008 1.65042
-2.41063e-008 1.65042
-2.39063e-008 1.6471
-2.37063e-008 1.6471
-2.35063e-008 1.6471
-2.33063e-008 1.64378
-2.31063e-008 1.6471
-2.29063e-008 1.64046
-2.27063e-008 1.64378
-2.25063e-008 1.64046
-2.23063e-008 1.6471
-2.21063e-008 1.64046
-2.19063e-008 1.64046
-2.17063e-008 1.6471
-2.15063e-008 1.6471
-2.13063e-008 1.64378
-2.11063e-008 1.65042
-2.09063e-008 1.64378
-2.07063e-008 1.6471
-2.05063e-008 1.6471
-2.03063e-008 1.65042
-2.01063e-008 1.65042
-1.99063e-008 1.65374
-1.97063e-008 1.65042
-1.95063e-008 1.65042
-1.93063e-008 1.6471
-1.91063e-008 1.6471
-1.89063e-008 1.64046
-1.87063e-008 1.6471
-1.85063e-008 1.64378
-1.83063e-008 1.6471
-1.81063e-008 1.64378
-1.79063e-008 1.64378
-1.77063e-008 1.64378
-1.75063e-008 1.6471
-1.73063e-008 1.64046
-1.71063e-008 1.6471
-1.69063e-008 1.65042
-1.67063e-008 1.6471
-1.65063e-008 1.6471
-1.63063e-008 1.6471
-1.61063e-008 1.6471
-1.59063e-008 1.6471
-1.57063e-008 1.64378
-1.55063e-008 1.6471
-1.53063e-008 1.64378
-1.51063e-008 1.64378
-1.49063e-008 1.64378
-1.47063e-008 1.6471
-1.45063e-008 1.6471
-1.43063e-008 1.6471
-1.41063e-008 1.65042
-1.39063e-008 1.6471
-1.37063e-008 1.64378
-1.35063e-008 1.65042
-1.33063e-008 1.64378
-1.31063e-008 1.65042
-1.29063e-008 1.6471
-1.27063e-008 1.6471
-1.25063e-008 1.64378
-1.23063e-008 1.6471
-1.21063e-008 1.64378
-1.19063e-008 1.65042
-1.17063e-008 1.65042
-1.15063e-008 1.65042
-1.13063e-008 1.6471
-1.11063e-008 1.6471
-1.09063e-008 1.6471
-1.07063e-008 1.65042
-1.05063e-008 1.65042
-1.03063e-008 1.6471
-1.01063e-008 1.65042
-9.90629e-009 1.65042
-9.70629e-009 1.6471
-9.50629e-009 1.65374
-9.30629e-009 1.65042
-9.10629e-009 1.65374
-8.90629e-009 1.6471
-8.70629e-009 1.65042
-8.50629e-009 1.6471
-8.30629e-009 1.65042
-8.10629e-009 1.65042
-7.90629e-009 1.65042
-7.70629e-009 1.6471
-7.50629e-009 1.65042
-7.30629e-009 1.65042
-7.10629e-009 1.65042
-6.90629e-009 1.6471
-6.70629e-009 1.6471
-6.50629e-009 1.65042
-6.30629e-009 1.65374
-6.10629e-009 1.65042
-5.90629e-009 1.65706
-5.70629e-009 1.65374
-5.50629e-009 1.66039
-5.30629e-009 1.66371
-5.10629e-009 1.66371
-4.90629e-009 1.66371
-4.70629e-009 1.66703
-4.50629e-009 1.67035
-4.30629e-009 1.67367
-4.10629e-009 1.67699
-3.90629e-009 1.68363
-3.70629e-009 1.68031
-3.50629e-009 1.68695
-3.30629e-009 1.6936
-3.10629e-009 1.70024
-2.90629e-009 1.70356
-2.70629e-009 1.7102
-2.50629e-009 1.71684
-2.30629e-009 1.72348
-2.10629e-009 1.73345
-1.90629e-009 1.74341
-1.70629e-009 1.74673
-1.50629e-009 1.76001
-1.30629e-009 1.76666
-1.10629e-009 1.7733
-9.06288e-010 1.77994
-7.06288e-010 1.7899
-5.06288e-010 1.79654
-3.06288e-010 1.80651
-1.06288e-010 1.81647
9.37121e-011 1.82311
2.93712e-010 1.83307
4.93712e-010 1.84304
6.93712e-010 1.84968
8.93712e-010 1.86296
1.09371e-009 1.8696
1.29371e-009 1.87293
1.49371e-009 1.88289
1.69371e-009 1.88621
1.89371e-009 1.89285
2.09371e-009 1.90281
2.29371e-009 1.90946
2.49371e-009 1.9161
2.69371e-009 1.92938
2.89371e-009 1.92938
3.09371e-009 1.93934
3.29371e-009 1.94267
3.49371e-009 1.95263
3.69371e-009 1.95595
3.89371e-009 1.96259
4.09371e-009 1.96591
4.29371e-009 1.97255
4.49371e-009 1.96923
4.69371e-009 1.9792
4.89371e-009 1.9792
5.09371e-009 1.98252
5.29371e-009 1.98252
5.49371e-009 1.98252
5.69371e-009 1.98584
5.89371e-009 1.98584
6.09371e-009 1.98584
6.29371e-009 1.98916
6.49371e-009 1.99248
6.69371e-009 1.98916
6.89371e-009 1.99248
7.09371e-009 1.9958
7.29371e-009 1.9958
7.49371e-009 1.99912
7.69371e-009 1.99248
7.89371e-009 1.98916
8.09371e-009 1.98584
8.29371e-009 1.98584
8.49371e-009 1.97587
8.69371e-009 1.97587
8.89371e-009 1.97255
9.09371e-009 1.97587
9.29371e-009 1.96923
9.49371e-009 1.96923
9.69371e-009 1.96923
9.89371e-009 1.96259
1.00937e-008 1.95927
1.02937e-008 1.95927
1.04937e-008 1.95263
1.06937e-008 1.95263
1.08937e-008 1.94599
1.10937e-008 1.94267
1.12937e-008 1.93934
1.14937e-008 1.9327
1.16937e-008 1.92606
1.18937e-008 1.92274
1.20937e-008 1.9161
1.22937e-008 1.90946
1.24937e-008 1.90613
1.26937e-008 1.90281
1.28937e-008 1.89949
1.30937e-008 1.89949
1.32937e-008 1.88953
1.34937e-008 1.88621
1.36937e-008 1.88289
1.38937e-008 1.87957
1.40937e-008 1.87293
1.42937e-008 1.8696
1.44937e-008 1.86296
1.46937e-008 1.85964
1.48937e-008 1.85632
1.50937e-008 1.84968
1.52937e-008 1.84968
1.54937e-008 1.84304
1.56937e-008 1.84304
1.58937e-008 1.8364
1.60937e-008 1.82643
1.62937e-008 1.82311
1.64937e-008 1.81979
1.66937e-008 1.81315
1.68937e-008 1.80983
1.70937e-008 1.80651
1.72937e-008 1.80319
1.74937e-008 1.79987
1.76937e-008 1.79322
1.78937e-008 1.78658
1.80937e-008 1.7899
1.82937e-008 1.78326
1.84937e-008 1.77662
1.86937e-008 1.7733
1.88937e-008 1.7733
1.90937e-008 1.76998
1.92937e-008 1.76666
1.94937e-008 1.76333
1.96937e-008 1.76333
1.98937e-008 1.75669
2.00937e-008 1.75005
2.02937e-008 1.74673
2.04937e-008 1.74341
2.06937e-008 1.74341
2.08937e-008 1.74009
2.10937e-008 1.73345
2.12937e-008 1.73013
2.14937e-008 1.7268
2.16937e-008 1.72348
2.18937e-008 1.72016
2.20937e-008 1.71684
2.22937e-008 1.7102
2.24937e-008 1.71352
2.26937e-008 1.7102
2.28937e-008 1.7102
2.30937e-008 1.71352
2.32937e-008 1.70688
2.34937e-008 1.7102
2.36937e-008 1.70356
2.38937e-008 1.70024
2.40937e-008 1.6936
2.42937e-008 1.6936
2.44937e-008 1.6936
2.46937e-008 1.68695
2.48937e-008 1.69027
2.50937e-008 1.68695
2.52937e-008 1.68363
2.54937e-008 1.68031
2.56937e-008 1.67699
2.58937e-008 1.67699
2.60937e-008 1.67367
2.62937e-008 1.67035
2.64937e-008 1.67035
2.66937e-008 1.67367
2.68937e-008 1.67035
2.70937e-008 1.67035
2.72937e-008 1.66371
2.74937e-008 1.66703
2.76937e-008 1.66703
2.78937e-008 1.66371
2.80937e-008 1.66371
2.82937e-008 1.66371
2.84937e-008 1.65706
2.86937e-008 1.65706
2.88937e-008 1.65706
2.90937e-008 1.65374
2.92937e-008 1.65374
2.94937e-008 1.65042
2.96937e-008 1.65374
2.98937e-008 1.65042
3.00937e-008 1.65374
3.02937e-008 1.65374
3.04937e-008 1.65374
3.06937e-008 1.65042
3.08937e-008 1.65042
3.10937e-008 1.64378
3.12937e-008 1.6471
3.14937e-008 1.64046
3.16937e-008 1.64378
3.18937e-008 1.64378
3.20937e-008 1.65042
3.22937e-008 1.64378
3.24937e-008 1.65042
3.26937e-008 1.64378
3.28937e-008 1.65042
3.30937e-008 1.64046
3.32937e-008 1.6471
3.34937e-008 1.64046
3.36937e-008 1.64046
3.38937e-008 1.64046
3.40937e-008 1.64378
3.42937e-008 1.64046
3.44937e-008 1.63714
3.46937e-008 1.64046
3.48937e-008 1.64046
3.50937e-008 1.63714
3.52937e-008 1.64046
3.54937e-008 1.63382
3.56937e-008 1.63714
3.58937e-008 1.63714
3.60937e-008 1.64046
3.62937e-008 1.63714
3.64937e-008 1.64046
3.66937e-008 1.63714
3.68937e-008 1.64046
3.70937e-008 1.63382
3.72937e-008 1.63714
3.74937e-008 1.6305
3.76937e-008 1.64046
3.78937e-008 1.63382
3.80937e-008 1.63714
3.82937e-008 1.63714
3.84937e-008 1.64046
3.86937e-008 1.63382
3.88937e-008 1.63382
3.90937e-008 1.63382
3.92937e-008 1.63714
3.94937e-008 1.63714
3.96937e-008 1.63382
3.98937e-008 1.63382
4.00937e-008 1.63382
4.02937e-008 1.63382
4.04937e-008 1.63714
4.06937e-008 1.63714
4.08937e-008 1.63714
4.10937e-008 1.63714
4.12937e-008 1.63382
4.14937e-008 1.63382
4.16937e-008 1.63382
4.18937e-008 1.63714
4.20937e-008 1.64046
4.22937e-008 1.63382
4.24937e-008 1.63714
4.26937e-008 1.63382
4.28937e-008 1.63714
4.30937e-008 1.63714
4.32937e-008 1.63382
4.34937e-008 1.6305
4.36937e-008 1.63382
4.38937e-008 1.63382
4.40937e-008 1.63382
4.42937e-008 1.63382
4.44937e-008 1.63714
4.46937e-008 1.63714
4.48937e-008 1.64378
4.50937e-008 1.63714
4.52937e-008 1.63714
4.54937e-008 1.63714
4.56937e-008 1.64046
4.58937e-008 1.63714
4.60937e-008 1.63714
4.62937e-008 1.63714
4.64937e-008 1.63714
4.66937e-008 1.6305
4.68937e-008 1.63714
4.70937e-008 1.6305
4.72937e-008 1.63714
4.74937e-008 1.63382
4.76937e-008 1.63382
4.78937e-008 1.63382
4.80937e-008 1.63714
4.82937e-008 1.63714
4.84937e-008 1.63382
4.86937e-008 1.63382
4.88937e-008 1.63714
4.90937e-008 1.63714
4.92937e-008 1.63714
4.94937e-008 1.63714
4.96937e-008 1.63714
4.98937e-008 1.63714
5.00937e-008 1.63382
5.02937e-008 1.63382
5.04937e-008 1.63714
5.06937e-008 1.63382
5.08937e-008 1.63714
5.10937e-008 1.63382
5.12937e-008 1.64046
5.14937e-008 1.63382
5.16937e-008 1.63714
5.18937e-008 1.63382
5.20937e-008 1.63382
5.22937e-008 1.63382
5.24937e-008 1.64046
5.26937e-008 1.63714
5.28937e-008 1.6305
5.30937e-008 1.63714
5.32937e-008 1.63714
5.34937e-008 1.63382
5.36937e-008 1.63714
5.38937e-008 1.63714
5.40937e-008 1.63382
5.42937e-008 1.63382
5.44937e-008 1.63382
5.46937e-008 1.63382
5.48937e-008 1.63714
5.50937e-008 1.63382
5.52937e-008 1.63714
5.54937e-008 1.63382
5.56937e-008 1.63714
5.58937e-008 1.63382
5.60937e-008 1.63382
5.62937e-008 1.63714
5.64937e-008 1.64046
5.66937e-008 1.6305
5.68937e-008 1.63382
5.70937e-008 1.63382
5.72937e-008 1.63714
5.74937e-008 1.63714
5.76937e-008 1.63382
5.78937e-008 1.63382
5.80937e-008 1.6305
5.82937e-008 1.6305
5.84937e-008 1.63714
5.86937e-008 1.63382
5.88937e-008 1.63714
5.90937e-008 1.63714
5.92937e-008 1.64046
5.94937e-008 1.63714
5.96937e-008 1.63382
5.98937e-008 1.63714
6.00937e-008 1.63714
6.02937e-008 1.63382
6.04937e-008 1.64046
6.06937e-008 1.64046
6.08937e-008 1.63382
6.10937e-008 1.64046
6.12937e-008 1.63714
6.14937e-008 1.63714
6.16937e-008 1.63714
6.18937e-008 1.63714
6.20937e-008 1.64046
6.22937e-008 1.63714
6.24937e-008 1.64046
6.26937e-008 1.64046
6.28937e-008 1.64378
6.30937e-008 1.64046
6.32937e-008 1.64378
6.34937e-008 1.64046
6.36937e-008 1.63714
6.38937e-008 1.63714
6.40937e-008 1.64046
6.42937e-008 1.63382
6.44937e-008 1.63382
6.46937e-008 1.63714
6.48937e-008 1.63714
6.50937e-008 1.6305
6.52937e-008 1.6305
6.54937e-008 1.63382
6.56937e-008 1.63714
6.58937e-008 1.63382
6.60937e-008 1.63714
6.62937e-008 1.63382
6.64937e-008 1.6305
6.66937e-008 1.63382
6.68937e-008 1.63714
6.70937e-008 1.63714
6.72937e-008 1.64378
6.74937e-008 1.64046
6.76937e-008 1.64046
6.78937e-008 1.63714
6.80937e-008 1.64046
6.82937e-008 1.63714
6.84937e-008 1.63714
6.86937e-008 1.63714
6.88937e-008 1.63714
6.90937e-008 1.63382
6.92937e-008 1.64046
6.94937e-008 1.63382
6.96937e-008 1.63714
6.98937e-008 1.63714
7.00937e-008 1.63714
7.02937e-008 1.64378
7.04937e-008 1.64046
7.06937e-008 1.64378
7.08937e-008 1.64378
7.10937e-008 1.63714
7.12937e-008 1.63714
7.14937e-008 1.64046
7.16937e-008 1.63714
7.18937e-008 1.64046
7.20937e-008 1.63714
7.22937e-008 1.64046
7.24937e-008 1.64046
7.26937e-008 1.63714
7.28937e-008 1.64046
7.30937e-008 1.63714
7.32937e-008 1.64378
7.34937e-008 1.63714
7.36937e-008 1.64046
7.38937e-008 1.64046
7.40937e-008 1.64378
7.42937e-008 1.64046
7.44937e-008 1.64378
7.46937e-008 1.64046
7.48937e-008 1.64046
7.50937e-008 1.64046
7.52937e-008 1.64378
7.54937e-008 1.64378
7.56937e-008 1.64378
7.58937e-008 1.64378
7.60937e-008 1.6471
7.62937e-008 1.6471
7.64937e-008 1.6471
7.66937e-008 1.6471
7.68937e-008 1.64378
7.70937e-008 1.63714
7.72937e-008 1.64378
7.74937e-008 1.64378
7.76937e-008 1.6471
7.78937e-008 1.64378
7.80937e-008 1.6471
7.82937e-008 1.64378
7.84937e-008 1.6471
7.86937e-008 1.6471
7.88937e-008 1.6471
7.90937e-008 1.64378
7.92937e-008 1.6471
7.94937e-008 1.64378
7.96937e-008 1.65042
7.98937e-008 1.6471
8.00937e-008 1.6471
8.02937e-008 1.65042
8.04937e-008 1.64378
8.06937e-008 1.6471
8.08937e-008 1.6471
8.10937e-008 1.64046
8.12937e-008 1.64378
8.14937e-008 1.64378
8.16937e-008 1.6471
8.18937e-008 1.6471
8.20937e-008 1.6471
8.22937e-008 1.65042
8.24937e-008 1.65042
8.26937e-008 1.6471
8.28937e-008 1.6471
8.30937e-008 1.6471
8.32937e-008 1.6471
8.34937e-008 1.6471
8.36937e-008 1.6471
8.38937e-008 1.64378
8.40937e-008 1.64378
8.42937e-008 1.64378
8.44937e-008 1.64046
8.46937e-008 1.63714
8.48937e-008 1.63714
8.50937e-008 1.63714
8.52937e-008 1.64046
8.54937e-008 1.63714
8.56937e-008 1.63714
8.58937e-008 1.63714
8.60937e-008 1.64378
8.62937e-008 1.63714
8.64937e-008 1.63714
8.66937e-008 1.64046
8.68937e-008 1.64046
8.70937e-008 1.63714
8.72937e-008 1.64046
8.74937e-008 1.64046
8.76937e-008 1.64046
8.78937e-008 1.64378
8.80937e-008 1.64046
8.82937e-008 1.64046
8.84937e-008 1.63714
8.86937e-008 1.64046
8.88937e-008 1.64378
8.90937e-008 1.63714
8.92937e-008 1.63714
8.94937e-008 1.63714
8.96937e-008 1.64046
8.98937e-008 1.63714
9.00937e-008 1.63382
9.02937e-008 1.63714
9.04937e-008 1.63714
9.06937e-008 1.63382
9.08937e-008 1.63714
9.10937e-008 1.64046
9.12937e-008 1.63714
9.14937e-008 1.64046
9.16937e-008 1.64046
9.18937e-008 1.63714
9.20937e-008 1.64046
9.22937e-008 1.6305
9.24937e-008 1.64046
9.26937e-008 1.63714
9.28937e-008 1.63382
9.30937e-008 1.63714
9.32937e-008 1.63382
9.34937e-008 1.63382
9.36937e-008 1.63382
9.38937e-008 1.6305
9.40937e-008 1.63714
9.42937e-008 1.64046
9.44937e-008 1.63382
9.46937e-008 1.63382
9.48937e-008 1.64046
9.50937e-008 1.64046
9.52937e-008 1.64378
9.54937e-008 1.64046
9.56937e-008 1.63714
9.58937e-008 1.63714
9.60937e-008 1.64046
9.62937e-008 1.63714
9.64937e-008 1.63382
9.66937e-008 1.63714
9.68937e-008 1.64046
9.70937e-008 1.63382
9.72937e-008 1.64046
9.74937e-008 1.64046
9.76937e-008 1.63714
9.78937e-008 1.64046
9.80937e-008 1.63714
9.82937e-008 1.64046
9.84937e-008 1.64046
9.86937e-008 1.63714
9.88937e-008 1.64046
9.90937e-008 1.63714
9.92937e-008 1.63382
9.94937e-008 1.63382
9.96937e-008 1.63714
9.98937e-008 1.63382
1.00094e-007 1.64046
1.00294e-007 1.63714
1.00494e-007 1.63714
1.00694e-007 1.63714
1.00894e-007 1.64378
1.01094e-007 1.63714
1.01294e-007 1.63714
1.01494e-007 1.63714
1.01694e-007 1.63714
1.01894e-007 1.63714
1.02094e-007 1.63382
1.02294e-007 1.63382
1.02494e-007 1.63382
1.02694e-007 1.63382
1.02894e-007 1.63714
1.03094e-007 1.63714
1.03294e-007 1.64046
1.03494e-007 1.63714
1.03694e-007 1.63714
1.03894e-007 1.63714
1.04094e-007 1.64378
1.04294e-007 1.63714
1.04494e-007 1.63714
1.04694e-007 1.63382
1.04894e-007 1.63714
1.05094e-007 1.63382
1.05294e-007 1.63714
1.05494e-007 1.63382
1.05694e-007 1.63714
1.05894e-007 1.63714
1.06094e-007 1.64046
1.06294e-007 1.63714
1.06494e-007 1.64046
1.06694e-007 1.63382
1.06894e-007 1.63382
1.07094e-007 1.63382
1.07294e-007 1.64046
1.07494e-007 1.64046
1.07694e-007 1.64378
1.07894e-007 1.64046
1.08094e-007 1.64046
1.08294e-007 1.63714
1.08494e-007 1.63714
1.08694e-007 1.63714
1.08894e-007 1.64378
1.09094e-007 1.64046
1.09294e-007 1.64046
1.09494e-007 1.64046
1.09694e-007 1.63714
1.09894e-007 1.63714
1.10094e-007 1.63714
1.10294e-007 1.63714
1.10494e-007 1.64046
1.10694e-007 1.64046
1.10894e-007 1.64046
1.11094e-007 1.63714
1.11294e-007 1.64046
1.11494e-007 1.64046
1.11694e-007 1.64378
1.11894e-007 1.63714
1.12094e-007 1.64046
1.12294e-007 1.64046
1.12494e-007 1.64046
1.12694e-007 1.64046
1.12894e-007 1.64378
1.13094e-007 1.64378
1.13294e-007 1.64378
1.13494e-007 1.64046
1.13694e-007 1.64378
1.13894e-007 1.64378
1.14094e-007 1.64378
1.14294e-007 1.64378
1.14494e-007 1.64378
1.14694e-007 1.64046
1.14894e-007 1.64046
1.15094e-007 1.64046
1.15294e-007 1.64378
1.15494e-007 1.64378
1.15694e-007 1.64378
1.15894e-007 1.64046
1.16094e-007 1.64046
1.16294e-007 1.64378
1.16494e-007 1.64378
1.16694e-007 1.64378
1.16894e-007 1.64378
1.17094e-007 1.64378
1.17294e-007 1.6471
1.17494e-007 1.64046
1.17694e-007 1.6471
1.17894e-007 1.64046
1.18094e-007 1.64378
1.18294e-007 1.64378
1.18494e-007 1.64378
1.18694e-007 1.64378
1.18894e-007 1.64378
1.19094e-007 1.64378
1.19294e-007 1.64046
1.19494e-007 1.64378
1.19694e-007 1.64378
1.19894e-007 1.64378
1.20094e-007 1.6471
1.20294e-007 1.64378
1.20494e-007 1.64378
1.20694e-007 1.64046
1.20894e-007 1.64378
1.21094e-007 1.64378
1.21294e-007 1.6471
1.21494e-007 1.6471
1.21694e-007 1.6471
1.21894e-007 1.64378
1.22094e-007 1.65042
1.22294e-007 1.6471
1.22494e-007 1.6471
1.22694e-007 1.64378
1.22894e-007 1.64378
1.23094e-007 1.64046
1.23294e-007 1.64378
1.23494e-007 1.64378
1.23694e-007 1.6471
1.23894e-007 1.64378
1.24094e-007 1.64378
1.24294e-007 1.64378
1.24494e-007 1.6471
1.24694e-007 1.64378
1.24894e-007 1.6471
1.25094e-007 1.64378
1.25294e-007 1.6471
1.25494e-007 1.64378
1.25694e-007 1.6471
1.25894e-007 1.64378
1.26094e-007 1.6471
1.26294e-007 1.64378
1.26494e-007 1.6471
1.26694e-007 1.64378
1.26894e-007 1.64378
1.27094e-007 1.64378
1.27294e-007 1.64378
1.27494e-007 1.6471
1.27694e-007 1.6471
1.27894e-007 1.6471
1.28094e-007 1.64378
1.28294e-007 1.6471
1.28494e-007 1.6471
1.28694e-007 1.6471
1.28894e-007 1.65042
1.29094e-007 1.64378
1.29294e-007 1.6471
1.29494e-007 1.64378
1.29694e-007 1.64378
1.29894e-007 1.64378
1.30094e-007 1.64378
1.30294e-007 1.64046
1.30494e-007 1.6471
1.30694e-007 1.64046
1.30894e-007 1.64046
1.31094e-007 1.64046
1.31294e-007 1.64378
1.31494e-007 1.64378
1.31694e-007 1.64378
1.31894e-007 1.64378
1.32094e-007 1.64378
1.32294e-007 1.64378
1.32494e-007 1.6471
1.32694e-007 1.64378
1.32894e-007 1.64046
1.33094e-007 1.64378
1.33294e-007 1.64378
1.33494e-007 1.64378
1.33694e-007 1.64378
1.33894e-007 1.64046
1.34094e-007 1.6471
1.34294e-007 1.64378
1.34494e-007 1.64046
1.34694e-007 1.64378
1.34894e-007 1.64378
1.35094e-007 1.6471
1.35294e-007 1.64046
1.35494e-007 1.64378
1.35694e-007 1.64378
1.35894e-007 1.64046
1.36094e-007 1.64378
1.36294e-007 1.64046
1.36494e-007 1.64378
1.36694e-007 1.64378
1.36894e-007 1.64378
1.37094e-007 1.64378
1.37294e-007 1.64378
1.37494e-007 1.64046
1.37694e-007 1.64378
1.37894e-007 1.64378
1.38094e-007 1.64046
1.38294e-007 1.63714
1.38494e-007 1.64046
1.38694e-007 1.64046
1.38894e-007 1.64046
1.39094e-007 1.64378
1.39294e-007 1.64378
1.39494e-007 1.63714
1.39694e-007 1.6471
1.39894e-007 1.64378
1.40094e-007 1.64378
1.40294e-007 1.6471
1.40494e-007 1.6471
1.40694e-007 1.64378
1.40894e-007 1.6471
1.41094e-007 1.64046
1.41294e-007 1.64378
1.41494e-007 1.64378
1.41694e-007 1.64378
1.41894e-007 1.64378
1.42094e-007 1.64046
1.42294e-007 1.64378
1.42494e-007 1.64378
1.42694e-007 1.64378
1.42894e-007 1.64378
1.43094e-007 1.64046
1.43294e-007 1.64378
1.43494e-007 1.6471
1.43694e-007 1.6471
1.43894e-007 1.64378
1.44094e-007 1.6471
1.44294e-007 1.64378
1.44494e-007 1.6471
1.44694e-007 1.64378
1.44894e-007 1.6471
1.45094e-007 1.64378
1.45294e-007 1.64378
1.45494e-007 1.64378
1.45694e-007 1.6471
1.45894e-007 1.64378
1.46094e-007 1.6471
1.46294e-007 1.64046
1.46494e-007 1.64378
1.46694e-007 1.64046
1.46894e-007 1.6471
1.47094e-007 1.64378
1.47294e-007 1.6471
1.47494e-007 1.64046
1.47694e-007 1.64046
1.47894e-007 1.63714
1.48094e-007 1.64378
1.48294e-007 1.64046
1.48494e-007 1.64378
