LECROYWS44MXs-B 69584 Waveform
Segments 1 SegmentSize 1002
Segment TrigTime TimeSinceSegment1
#1 23-Jun-2015 23:17:45 0                 
Time Ampl
-5.16999e-008 1.6471
-5.14999e-008 1.6471
-5.12999e-008 1.6471
-5.10999e-008 1.65042
-5.08999e-008 1.64378
-5.06999e-008 1.6471
-5.04999e-008 1.6471
-5.02999e-008 1.6471
-5.00999e-008 1.64378
-4.98999e-008 1.65042
-4.96999e-008 1.6471
-4.94999e-008 1.65042
-4.92999e-008 1.6471
-4.90999e-008 1.65042
-4.88999e-008 1.65042
-4.86999e-008 1.65042
-4.84999e-008 1.6471
-4.82999e-008 1.6471
-4.80999e-008 1.6471
-4.78999e-008 1.6471
-4.76999e-008 1.64378
-4.74999e-008 1.6471
-4.72999e-008 1.64378
-4.70999e-008 1.6471
-4.68999e-008 1.65042
-4.66999e-008 1.65042
-4.64999e-008 1.65374
-4.62999e-008 1.65042
-4.60999e-008 1.6471
-4.58999e-008 1.65042
-4.56999e-008 1.6471
-4.54999e-008 1.6471
-4.52999e-008 1.64378
-4.50999e-008 1.6471
-4.48999e-008 1.6471
-4.46999e-008 1.64378
-4.44999e-008 1.6471
-4.42999e-008 1.64378
-4.40999e-008 1.6471
-4.38999e-008 1.6471
-4.36999e-008 1.6471
-4.34999e-008 1.65042
-4.32999e-008 1.6471
-4.30999e-008 1.65042
-4.28999e-008 1.64378
-4.26999e-008 1.65042
-4.24999e-008 1.6471
-4.22999e-008 1.6471
-4.20999e-008 1.64378
-4.18999e-008 1.6471
-4.16999e-008 1.64378
-4.14999e-008 1.6471
-4.12999e-008 1.65042
-4.10999e-008 1.6471
-4.08999e-008 1.6471
-4.06999e-008 1.65042
-4.04999e-008 1.6471
-4.02999e-008 1.65042
-4.00999e-008 1.6471
-3.98999e-008 1.6471
-3.96999e-008 1.65042
-3.94999e-008 1.6471
-3.92999e-008 1.64378
-3.90999e-008 1.6471
-3.88999e-008 1.64378
-3.86999e-008 1.6471
-3.84999e-008 1.65042
-3.82999e-008 1.6471
-3.80999e-008 1.64378
-3.78999e-008 1.6471
-3.76999e-008 1.64378
-3.74999e-008 1.65042
-3.72999e-008 1.6471
-3.70999e-008 1.65042
-3.68999e-008 1.64378
-3.66999e-008 1.6471
-3.64999e-008 1.6471
-3.62999e-008 1.6471
-3.60999e-008 1.65042
-3.58999e-008 1.65374
-3.56999e-008 1.65042
-3.54999e-008 1.6471
-3.52999e-008 1.6471
-3.50999e-008 1.65042
-3.48999e-008 1.6471
-3.46999e-008 1.6471
-3.44999e-008 1.64378
-3.42999e-008 1.65042
-3.40999e-008 1.65042
-3.38999e-008 1.6471
-3.36999e-008 1.6471
-3.34999e-008 1.65042
-3.32999e-008 1.65042
-3.30999e-008 1.65042
-3.28999e-008 1.65042
-3.26999e-008 1.6471
-3.24999e-008 1.6471
-3.22999e-008 1.65374
-3.20999e-008 1.65042
-3.18999e-008 1.65374
-3.16999e-008 1.65042
-3.14999e-008 1.65042
-3.12999e-008 1.65042
-3.10999e-008 1.6471
-3.08999e-008 1.6471
-3.06999e-008 1.65042
-3.04999e-008 1.6471
-3.02999e-008 1.6471
-3.00999e-008 1.65042
-2.98999e-008 1.65042
-2.96999e-008 1.6471
-2.94999e-008 1.65042
-2.92999e-008 1.6471
-2.90999e-008 1.6471
-2.88999e-008 1.64378
-2.86999e-008 1.6471
-2.84999e-008 1.6471
-2.82999e-008 1.6471
-2.80999e-008 1.64378
-2.78999e-008 1.6471
-2.76999e-008 1.64378
-2.74999e-008 1.65042
-2.72999e-008 1.65042
-2.70999e-008 1.65042
-2.68999e-008 1.6471
-2.66999e-008 1.65042
-2.64999e-008 1.65042
-2.62999e-008 1.65042
-2.60999e-008 1.6471
-2.58999e-008 1.65042
-2.56999e-008 1.64378
-2.54999e-008 1.65042
-2.52999e-008 1.65042
-2.50999e-008 1.6471
-2.48999e-008 1.6471
-2.46999e-008 1.65042
-2.44999e-008 1.65042
-2.42999e-008 1.65042
-2.40999e-008 1.65042
-2.38999e-008 1.65042
-2.36999e-008 1.65042
-2.34999e-008 1.6471
-2.32999e-008 1.65042
-2.30999e-008 1.65042
-2.28999e-008 1.65042
-2.26999e-008 1.65042
-2.24999e-008 1.65042
-2.22999e-008 1.65042
-2.20999e-008 1.6471
-2.18999e-008 1.6471
-2.16999e-008 1.65042
-2.14999e-008 1.6471
-2.12999e-008 1.6471
-2.10999e-008 1.6471
-2.08999e-008 1.6471
-2.06999e-008 1.6471
-2.04999e-008 1.6471
-2.02999e-008 1.6471
-2.00999e-008 1.64378
-1.98999e-008 1.65042
-1.96999e-008 1.64378
-1.94999e-008 1.65042
-1.92999e-008 1.6471
-1.90999e-008 1.65042
-1.88999e-008 1.65042
-1.86999e-008 1.65042
-1.84999e-008 1.65042
-1.82999e-008 1.65042
-1.80999e-008 1.6471
-1.78999e-008 1.65042
-1.76999e-008 1.65042
-1.74999e-008 1.6471
-1.72999e-008 1.6471
-1.70999e-008 1.65042
-1.68999e-008 1.65042
-1.66999e-008 1.65042
-1.64999e-008 1.6471
-1.62999e-008 1.65042
-1.60999e-008 1.65042
-1.58999e-008 1.65042
-1.56999e-008 1.65042
-1.54999e-008 1.65374
-1.52999e-008 1.65374
-1.50999e-008 1.65042
-1.48999e-008 1.6471
-1.46999e-008 1.6471
-1.44999e-008 1.64378
-1.42999e-008 1.65042
-1.40999e-008 1.64378
-1.38999e-008 1.6471
-1.36999e-008 1.64378
-1.34999e-008 1.65042
-1.32999e-008 1.6471
-1.30999e-008 1.65042
-1.28999e-008 1.64378
-1.26999e-008 1.65374
-1.24999e-008 1.65042
-1.22999e-008 1.6471
-1.20999e-008 1.65042
-1.18999e-008 1.65374
-1.16999e-008 1.65374
-1.14999e-008 1.65042
-1.12999e-008 1.65374
-1.10999e-008 1.65042
-1.08999e-008 1.6471
-1.06999e-008 1.6471
-1.04999e-008 1.64378
-1.02999e-008 1.6471
-1.00999e-008 1.6471
-9.89992e-009 1.65042
-9.69992e-009 1.6471
-9.49992e-009 1.64378
-9.29992e-009 1.64378
-9.09992e-009 1.6471
-8.89992e-009 1.65042
-8.69992e-009 1.65042
-8.49992e-009 1.6471
-8.29992e-009 1.65374
-8.09992e-009 1.65042
-7.89992e-009 1.65042
-7.69992e-009 1.65042
-7.49992e-009 1.65042
-7.29992e-009 1.65042
-7.09992e-009 1.65042
-6.89992e-009 1.65374
-6.69992e-009 1.65042
-6.49992e-009 1.6471
-6.29992e-009 1.65042
-6.09992e-009 1.65374
-5.89992e-009 1.65706
-5.69992e-009 1.66371
-5.49992e-009 1.66039
-5.29992e-009 1.66039
-5.09992e-009 1.66371
-4.89992e-009 1.66703
-4.69992e-009 1.67367
-4.49992e-009 1.67699
-4.29992e-009 1.68031
-4.09992e-009 1.68363
-3.89992e-009 1.68363
-3.69992e-009 1.68695
-3.49992e-009 1.6936
-3.29992e-009 1.70024
-3.09992e-009 1.7102
-2.89992e-009 1.71684
-2.69992e-009 1.71684
-2.49992e-009 1.73013
-2.29992e-009 1.73345
-2.09992e-009 1.74009
-1.89992e-009 1.74341
-1.69992e-009 1.75669
-1.49992e-009 1.76001
-1.29992e-009 1.76333
-1.09992e-009 1.77662
-8.99925e-010 1.78326
-6.99925e-010 1.7899
-4.99925e-010 1.79654
-2.99925e-010 1.80651
-9.9925e-011 1.80983
1.00075e-010 1.82643
3.00075e-010 1.82975
5.00075e-010 1.8364
7.00075e-010 1.84968
9.00075e-010 1.85964
1.10008e-009 1.85964
1.30008e-009 1.8696
1.50008e-009 1.87293
1.70008e-009 1.87957
1.90008e-009 1.89285
2.10008e-009 1.90281
2.30008e-009 1.90613
2.50008e-009 1.91278
2.70008e-009 1.91278
2.90008e-009 1.92274
3.10008e-009 1.92938
3.30008e-009 1.9327
3.50008e-009 1.93602
3.70008e-009 1.94267
3.90008e-009 1.94931
4.10008e-009 1.95595
4.30008e-009 1.95927
4.50008e-009 1.95927
4.70008e-009 1.95927
4.90008e-009 1.96259
5.10008e-009 1.96259
5.30008e-009 1.95927
5.50008e-009 1.96259
5.70008e-009 1.96259
5.90008e-009 1.96923
6.10008e-009 1.96259
6.30008e-009 1.96591
6.50008e-009 1.96923
6.70008e-009 1.97587
6.90008e-009 1.97255
7.10008e-009 1.97255
7.30008e-009 1.97255
7.50008e-009 1.97587
7.70008e-009 1.97255
7.90008e-009 1.97255
8.10008e-009 1.96591
8.30008e-009 1.96923
8.50008e-009 1.96259
8.70008e-009 1.96259
8.90008e-009 1.95927
9.10008e-009 1.95595
9.30008e-009 1.95263
9.50008e-009 1.95263
9.70008e-009 1.94599
9.90008e-009 1.94267
1.01001e-008 1.93934
1.03001e-008 1.93934
1.05001e-008 1.93602
1.07001e-008 1.93602
1.09001e-008 1.92606
1.11001e-008 1.92938
1.13001e-008 1.92606
1.15001e-008 1.9161
1.17001e-008 1.91942
1.19001e-008 1.91278
1.21001e-008 1.90946
1.23001e-008 1.90281
1.25001e-008 1.89949
1.27001e-008 1.89617
1.29001e-008 1.88953
1.31001e-008 1.88289
1.33001e-008 1.88621
1.35001e-008 1.88289
1.37001e-008 1.87957
1.39001e-008 1.87957
1.41001e-008 1.86628
1.43001e-008 1.8696
1.45001e-008 1.86296
1.47001e-008 1.85632
1.49001e-008 1.84968
1.51001e-008 1.853
1.53001e-008 1.84636
1.55001e-008 1.83972
1.57001e-008 1.8364
1.59001e-008 1.82975
1.61001e-008 1.82975
1.63001e-008 1.82643
1.65001e-008 1.81979
1.67001e-008 1.81647
1.69001e-008 1.80983
1.71001e-008 1.80651
1.73001e-008 1.80651
1.75001e-008 1.79654
1.77001e-008 1.79654
1.79001e-008 1.7899
1.81001e-008 1.78658
1.83001e-008 1.78326
1.85001e-008 1.77994
1.87001e-008 1.77662
1.89001e-008 1.7733
1.91001e-008 1.76998
1.93001e-008 1.76998
1.95001e-008 1.76666
1.97001e-008 1.76333
1.99001e-008 1.76333
2.01001e-008 1.75669
2.03001e-008 1.75337
2.05001e-008 1.75337
2.07001e-008 1.75005
2.09001e-008 1.74341
2.11001e-008 1.74009
2.13001e-008 1.74009
2.15001e-008 1.74009
2.17001e-008 1.73013
2.19001e-008 1.73013
2.21001e-008 1.72348
2.23001e-008 1.7268
2.25001e-008 1.72348
2.27001e-008 1.71684
2.29001e-008 1.71684
2.31001e-008 1.71352
2.33001e-008 1.71352
2.35001e-008 1.7102
2.37001e-008 1.7102
2.39001e-008 1.7102
2.41001e-008 1.70356
2.43001e-008 1.70688
2.45001e-008 1.70356
2.47001e-008 1.70024
2.49001e-008 1.70024
2.51001e-008 1.70024
2.53001e-008 1.70024
2.55001e-008 1.69692
2.57001e-008 1.69692
2.59001e-008 1.68695
2.61001e-008 1.69027
2.63001e-008 1.68363
2.65001e-008 1.68363
2.67001e-008 1.68363
2.69001e-008 1.67699
2.71001e-008 1.67699
2.73001e-008 1.67699
2.75001e-008 1.67699
2.77001e-008 1.67367
2.79001e-008 1.67367
2.81001e-008 1.67367
2.83001e-008 1.67367
2.85001e-008 1.67367
2.87001e-008 1.67367
2.89001e-008 1.67035
2.91001e-008 1.67035
2.93001e-008 1.66703
2.95001e-008 1.66371
2.97001e-008 1.66371
2.99001e-008 1.66371
3.01001e-008 1.66039
3.03001e-008 1.66039
3.05001e-008 1.66039
3.07001e-008 1.65706
3.09001e-008 1.66039
3.11001e-008 1.66039
3.13001e-008 1.66039
3.15001e-008 1.65706
3.17001e-008 1.65706
3.19001e-008 1.65706
3.21001e-008 1.66039
3.23001e-008 1.66039
3.25001e-008 1.66039
3.27001e-008 1.65706
3.29001e-008 1.65706
3.31001e-008 1.65706
3.33001e-008 1.65374
3.35001e-008 1.65042
3.37001e-008 1.65374
3.39001e-008 1.65042
3.41001e-008 1.65374
3.43001e-008 1.65042
3.45001e-008 1.65042
3.47001e-008 1.6471
3.49001e-008 1.6471
3.51001e-008 1.64378
3.53001e-008 1.6471
3.55001e-008 1.65042
3.57001e-008 1.6471
3.59001e-008 1.65042
3.61001e-008 1.64378
3.63001e-008 1.64378
3.65001e-008 1.6471
3.67001e-008 1.64378
3.69001e-008 1.64378
3.71001e-008 1.64378
3.73001e-008 1.65042
3.75001e-008 1.64378
3.77001e-008 1.6471
3.79001e-008 1.65042
3.81001e-008 1.6471
3.83001e-008 1.6471
3.85001e-008 1.65042
3.87001e-008 1.65042
3.89001e-008 1.64378
3.91001e-008 1.6471
3.93001e-008 1.64378
3.95001e-008 1.64378
3.97001e-008 1.64378
3.99001e-008 1.64378
4.01001e-008 1.64378
4.03001e-008 1.6471
4.05001e-008 1.6471
4.07001e-008 1.64378
4.09001e-008 1.65042
4.11001e-008 1.64046
4.13001e-008 1.64378
4.15001e-008 1.64378
4.17001e-008 1.64378
4.19001e-008 1.64046
4.21001e-008 1.64046
4.23001e-008 1.64378
4.25001e-008 1.6471
4.27001e-008 1.64378
4.29001e-008 1.6471
4.31001e-008 1.64378
4.33001e-008 1.6471
4.35001e-008 1.64378
4.37001e-008 1.64378
4.39001e-008 1.64378
4.41001e-008 1.6471
4.43001e-008 1.64046
4.45001e-008 1.64046
4.47001e-008 1.64046
4.49001e-008 1.64378
4.51001e-008 1.64378
4.53001e-008 1.64046
4.55001e-008 1.63714
4.57001e-008 1.6471
4.59001e-008 1.64046
4.61001e-008 1.64378
4.63001e-008 1.64378
4.65001e-008 1.64378
4.67001e-008 1.64046
4.69001e-008 1.6471
4.71001e-008 1.64378
4.73001e-008 1.64378
4.75001e-008 1.64378
4.77001e-008 1.64378
4.79001e-008 1.64378
4.81001e-008 1.64378
4.83001e-008 1.64378
4.85001e-008 1.6471
4.87001e-008 1.6471
4.89001e-008 1.6471
4.91001e-008 1.6471
4.93001e-008 1.64378
4.95001e-008 1.64046
4.97001e-008 1.64046
4.99001e-008 1.63714
5.01001e-008 1.64378
5.03001e-008 1.64378
5.05001e-008 1.64378
5.07001e-008 1.64046
5.09001e-008 1.6471
5.11001e-008 1.64046
5.13001e-008 1.64046
5.15001e-008 1.64378
5.17001e-008 1.6471
5.19001e-008 1.64378
5.21001e-008 1.64378
5.23001e-008 1.64046
5.25001e-008 1.6471
5.27001e-008 1.64378
5.29001e-008 1.64378
5.31001e-008 1.64046
5.33001e-008 1.64378
5.35001e-008 1.64378
5.37001e-008 1.64378
5.39001e-008 1.64378
5.41001e-008 1.64046
5.43001e-008 1.64046
5.45001e-008 1.64378
5.47001e-008 1.64378
5.49001e-008 1.6471
5.51001e-008 1.6471
5.53001e-008 1.64378
5.55001e-008 1.65042
5.57001e-008 1.6471
5.59001e-008 1.64378
5.61001e-008 1.6471
5.63001e-008 1.64378
5.65001e-008 1.6471
5.67001e-008 1.64378
5.69001e-008 1.64378
5.71001e-008 1.64046
5.73001e-008 1.64378
5.75001e-008 1.64378
5.77001e-008 1.64378
5.79001e-008 1.64046
5.81001e-008 1.6471
5.83001e-008 1.64378
5.85001e-008 1.64378
5.87001e-008 1.64378
5.89001e-008 1.6471
5.91001e-008 1.64378
5.93001e-008 1.6471
5.95001e-008 1.64378
5.97001e-008 1.64378
5.99001e-008 1.64046
6.01001e-008 1.64378
6.03001e-008 1.64378
6.05001e-008 1.64378
6.07001e-008 1.64046
6.09001e-008 1.64378
6.11001e-008 1.64046
6.13001e-008 1.64046
6.15001e-008 1.64046
6.17001e-008 1.6471
6.19001e-008 1.6471
6.21001e-008 1.6471
6.23001e-008 1.6471
6.25001e-008 1.6471
6.27001e-008 1.64378
6.29001e-008 1.6471
6.31001e-008 1.64378
6.33001e-008 1.64378
6.35001e-008 1.64046
6.37001e-008 1.6471
6.39001e-008 1.64046
6.41001e-008 1.64378
6.43001e-008 1.64378
6.45001e-008 1.64378
6.47001e-008 1.64046
6.49001e-008 1.64378
6.51001e-008 1.64046
6.53001e-008 1.64378
6.55001e-008 1.64046
6.57001e-008 1.64378
6.59001e-008 1.64378
6.61001e-008 1.64378
6.63001e-008 1.6471
6.65001e-008 1.64378
6.67001e-008 1.6471
6.69001e-008 1.65042
6.71001e-008 1.65042
6.73001e-008 1.64378
6.75001e-008 1.6471
6.77001e-008 1.6471
6.79001e-008 1.6471
6.81001e-008 1.6471
6.83001e-008 1.64378
6.85001e-008 1.64378
6.87001e-008 1.64046
6.89001e-008 1.64378
6.91001e-008 1.64046
6.93001e-008 1.64046
6.95001e-008 1.64378
6.97001e-008 1.6471
6.99001e-008 1.64046
7.01001e-008 1.64378
7.03001e-008 1.64378
7.05001e-008 1.6471
7.07001e-008 1.6471
7.09001e-008 1.6471
7.11001e-008 1.64378
7.13001e-008 1.6471
7.15001e-008 1.64378
7.17001e-008 1.6471
7.19001e-008 1.64046
7.21001e-008 1.64378
7.23001e-008 1.64378
7.25001e-008 1.64378
7.27001e-008 1.64046
7.29001e-008 1.6471
7.31001e-008 1.6471
7.33001e-008 1.64378
7.35001e-008 1.64378
7.37001e-008 1.65042
7.39001e-008 1.64378
7.41001e-008 1.6471
7.43001e-008 1.64378
7.45001e-008 1.6471
7.47001e-008 1.65042
7.49001e-008 1.6471
7.51001e-008 1.6471
7.53001e-008 1.6471
7.55001e-008 1.64378
7.57001e-008 1.65374
7.59001e-008 1.65042
7.61001e-008 1.65042
7.63001e-008 1.65042
7.65001e-008 1.65042
7.67001e-008 1.65042
7.69001e-008 1.65042
7.71001e-008 1.6471
7.73001e-008 1.6471
7.75001e-008 1.65042
7.77001e-008 1.65374
7.79001e-008 1.65042
7.81001e-008 1.65042
7.83001e-008 1.64378
7.85001e-008 1.6471
7.87001e-008 1.64378
7.89001e-008 1.6471
7.91001e-008 1.6471
7.93001e-008 1.65042
7.95001e-008 1.6471
7.97001e-008 1.65042
7.99001e-008 1.65042
8.01001e-008 1.6471
8.03001e-008 1.65042
8.05001e-008 1.65374
8.07001e-008 1.65042
8.09001e-008 1.65374
8.11001e-008 1.65374
8.13001e-008 1.65374
8.15001e-008 1.6471
8.17001e-008 1.65042
8.19001e-008 1.6471
8.21001e-008 1.65042
8.23001e-008 1.6471
8.25001e-008 1.6471
8.27001e-008 1.6471
8.29001e-008 1.6471
8.31001e-008 1.65042
8.33001e-008 1.6471
8.35001e-008 1.64378
8.37001e-008 1.6471
8.39001e-008 1.64378
8.41001e-008 1.64378
8.43001e-008 1.6471
8.45001e-008 1.6471
8.47001e-008 1.64378
8.49001e-008 1.65042
8.51001e-008 1.6471
8.53001e-008 1.64378
8.55001e-008 1.6471
8.57001e-008 1.64378
8.59001e-008 1.6471
8.61001e-008 1.64046
8.63001e-008 1.64378
8.65001e-008 1.64378
8.67001e-008 1.64046
8.69001e-008 1.64378
8.71001e-008 1.64046
8.73001e-008 1.64378
8.75001e-008 1.64378
8.77001e-008 1.64378
8.79001e-008 1.6471
8.81001e-008 1.6471
8.83001e-008 1.64378
8.85001e-008 1.6471
8.87001e-008 1.64378
8.89001e-008 1.64046
8.91001e-008 1.64046
8.93001e-008 1.64046
8.95001e-008 1.63714
8.97001e-008 1.64046
8.99001e-008 1.64046
9.01001e-008 1.64046
9.03001e-008 1.63714
9.05001e-008 1.63714
9.07001e-008 1.64046
9.09001e-008 1.63714
9.11001e-008 1.64046
9.13001e-008 1.63714
9.15001e-008 1.63714
9.17001e-008 1.64046
9.19001e-008 1.64046
9.21001e-008 1.64378
9.23001e-008 1.64378
9.25001e-008 1.64378
9.27001e-008 1.64046
9.29001e-008 1.64378
9.31001e-008 1.64046
9.33001e-008 1.64378
9.35001e-008 1.64046
9.37001e-008 1.64378
9.39001e-008 1.64046
9.41001e-008 1.63714
9.43001e-008 1.64046
9.45001e-008 1.64046
9.47001e-008 1.63382
9.49001e-008 1.63714
9.51001e-008 1.63714
9.53001e-008 1.63714
9.55001e-008 1.63382
9.57001e-008 1.63382
9.59001e-008 1.63714
9.61001e-008 1.63382
9.63001e-008 1.64046
9.65001e-008 1.64046
9.67001e-008 1.64046
9.69001e-008 1.64046
9.71001e-008 1.64046
9.73001e-008 1.63714
9.75001e-008 1.64046
9.77001e-008 1.64378
9.79001e-008 1.63714
9.81001e-008 1.64046
9.83001e-008 1.63714
9.85001e-008 1.64046
9.87001e-008 1.64046
9.89001e-008 1.64046
9.91001e-008 1.63714
9.93001e-008 1.64046
9.95001e-008 1.63714
9.97001e-008 1.64378
9.99001e-008 1.63714
1.001e-007 1.63714
1.003e-007 1.63714
1.005e-007 1.63714
1.007e-007 1.64046
1.009e-007 1.64378
1.011e-007 1.64046
1.013e-007 1.64046
1.015e-007 1.64046
1.017e-007 1.63714
1.019e-007 1.63714
1.021e-007 1.64046
1.023e-007 1.64378
1.025e-007 1.63714
1.027e-007 1.63714
1.029e-007 1.64046
1.031e-007 1.64046
1.033e-007 1.64046
1.035e-007 1.64378
1.037e-007 1.64046
1.039e-007 1.64378
1.041e-007 1.64046
1.043e-007 1.64046
1.045e-007 1.63714
1.047e-007 1.63714
1.049e-007 1.64046
1.051e-007 1.64046
1.053e-007 1.64046
1.055e-007 1.6471
1.057e-007 1.64378
1.059e-007 1.64378
1.061e-007 1.64378
1.063e-007 1.64378
1.065e-007 1.64378
1.067e-007 1.64378
1.069e-007 1.64046
1.071e-007 1.64378
1.073e-007 1.6471
1.075e-007 1.6471
1.077e-007 1.6471
1.079e-007 1.6471
1.081e-007 1.6471
1.083e-007 1.64378
1.085e-007 1.64046
1.087e-007 1.64378
1.089e-007 1.64378
1.091e-007 1.64046
1.093e-007 1.6471
1.095e-007 1.6471
1.097e-007 1.64378
1.099e-007 1.64046
1.101e-007 1.64378
1.103e-007 1.64378
1.105e-007 1.64046
1.107e-007 1.64046
1.109e-007 1.64378
1.111e-007 1.64046
1.113e-007 1.64046
1.115e-007 1.64378
1.117e-007 1.6471
1.119e-007 1.64378
1.121e-007 1.6471
1.123e-007 1.64378
1.125e-007 1.64046
1.127e-007 1.64378
1.129e-007 1.64046
1.131e-007 1.64378
1.133e-007 1.64378
1.135e-007 1.64046
1.137e-007 1.64046
1.139e-007 1.64378
1.141e-007 1.64378
1.143e-007 1.64378
1.145e-007 1.64378
1.147e-007 1.64046
1.149e-007 1.64046
1.151e-007 1.64046
1.153e-007 1.6471
1.155e-007 1.64378
1.157e-007 1.64378
1.159e-007 1.64378
1.161e-007 1.64378
1.163e-007 1.64046
1.165e-007 1.64378
1.167e-007 1.64378
1.169e-007 1.63714
1.171e-007 1.64046
1.173e-007 1.64378
1.175e-007 1.64046
1.177e-007 1.6471
1.179e-007 1.64046
1.181e-007 1.6471
1.183e-007 1.64378
1.185e-007 1.6471
1.187e-007 1.64378
1.189e-007 1.6471
1.191e-007 1.64378
1.193e-007 1.64378
1.195e-007 1.64378
1.197e-007 1.64378
1.199e-007 1.64378
1.201e-007 1.65042
1.203e-007 1.6471
1.205e-007 1.6471
1.207e-007 1.64378
1.209e-007 1.6471
1.211e-007 1.64378
1.213e-007 1.64378
1.215e-007 1.6471
1.217e-007 1.64378
1.219e-007 1.64378
1.221e-007 1.64378
1.223e-007 1.64378
1.225e-007 1.6471
1.227e-007 1.64378
1.229e-007 1.65042
1.231e-007 1.6471
1.233e-007 1.6471
1.235e-007 1.64378
1.237e-007 1.64378
1.239e-007 1.64046
1.241e-007 1.64046
1.243e-007 1.64378
1.245e-007 1.64378
1.247e-007 1.64378
1.249e-007 1.64378
1.251e-007 1.6471
1.253e-007 1.6471
1.255e-007 1.6471
1.257e-007 1.6471
1.259e-007 1.64378
1.261e-007 1.65042
1.263e-007 1.6471
1.265e-007 1.6471
1.267e-007 1.6471
1.269e-007 1.6471
1.271e-007 1.64378
1.273e-007 1.6471
1.275e-007 1.64378
1.277e-007 1.64378
1.279e-007 1.64046
1.281e-007 1.64378
1.283e-007 1.64378
1.285e-007 1.64378
1.287e-007 1.64046
1.289e-007 1.64378
1.291e-007 1.64378
1.293e-007 1.6471
1.295e-007 1.64378
1.297e-007 1.6471
1.299e-007 1.65042
1.301e-007 1.6471
1.303e-007 1.65042
1.305e-007 1.6471
1.307e-007 1.65042
1.309e-007 1.65042
1.311e-007 1.65042
1.313e-007 1.6471
1.315e-007 1.6471
1.317e-007 1.6471
1.319e-007 1.64378
1.321e-007 1.64046
1.323e-007 1.64378
1.325e-007 1.6471
1.327e-007 1.64378
1.329e-007 1.64378
1.331e-007 1.64378
1.333e-007 1.64378
1.335e-007 1.65042
1.337e-007 1.6471
1.339e-007 1.64378
1.341e-007 1.6471
1.343e-007 1.6471
1.345e-007 1.6471
1.347e-007 1.65042
1.349e-007 1.65042
1.351e-007 1.65042
1.353e-007 1.6471
1.355e-007 1.64378
1.357e-007 1.6471
1.359e-007 1.6471
1.361e-007 1.6471
1.363e-007 1.6471
1.365e-007 1.65042
1.367e-007 1.64378
1.369e-007 1.6471
1.371e-007 1.64378
1.373e-007 1.64378
1.375e-007 1.64046
1.377e-007 1.64378
1.379e-007 1.64378
1.381e-007 1.64378
1.383e-007 1.6471
1.385e-007 1.6471
1.387e-007 1.6471
1.389e-007 1.6471
1.391e-007 1.6471
1.393e-007 1.6471
1.395e-007 1.6471
1.397e-007 1.65042
1.399e-007 1.6471
1.401e-007 1.65374
1.403e-007 1.6471
1.405e-007 1.6471
1.407e-007 1.64378
1.409e-007 1.65042
1.411e-007 1.64378
1.413e-007 1.6471
1.415e-007 1.64046
1.417e-007 1.64046
1.419e-007 1.64378
1.421e-007 1.6471
1.423e-007 1.64046
1.425e-007 1.64046
1.427e-007 1.64378
1.429e-007 1.64046
1.431e-007 1.6471
1.433e-007 1.64378
1.435e-007 1.6471
1.437e-007 1.6471
1.439e-007 1.64378
1.441e-007 1.65042
1.443e-007 1.64378
1.445e-007 1.65042
1.447e-007 1.6471
1.449e-007 1.6471
1.451e-007 1.65042
1.453e-007 1.65042
1.455e-007 1.65042
1.457e-007 1.65042
1.459e-007 1.64378
1.461e-007 1.65042
1.463e-007 1.65042
1.465e-007 1.65042
1.467e-007 1.6471
1.469e-007 1.6471
1.471e-007 1.6471
1.473e-007 1.6471
1.475e-007 1.64046
1.477e-007 1.6471
1.479e-007 1.64378
1.481e-007 1.64378
1.483e-007 1.64378
1.485e-007 1.64046
