LECROYWS44MXs-B 69584 Waveform
Segments 1 SegmentSize 1002
Segment TrigTime TimeSinceSegment1
#1 23-Jun-2015 23:16:18 0                 
Time Ampl
-5.17607e-008 1.65042
-5.15607e-008 1.65042
-5.13607e-008 1.6471
-5.11607e-008 1.6471
-5.09607e-008 1.64378
-5.07607e-008 1.6471
-5.05607e-008 1.6471
-5.03607e-008 1.6471
-5.01607e-008 1.6471
-4.99607e-008 1.6471
-4.97607e-008 1.64378
-4.95607e-008 1.64378
-4.93607e-008 1.65042
-4.91607e-008 1.65042
-4.89607e-008 1.64378
-4.87607e-008 1.6471
-4.85607e-008 1.64378
-4.83607e-008 1.6471
-4.81607e-008 1.6471
-4.79607e-008 1.65042
-4.77607e-008 1.65042
-4.75607e-008 1.65042
-4.73607e-008 1.6471
-4.71607e-008 1.65042
-4.69607e-008 1.6471
-4.67607e-008 1.6471
-4.65607e-008 1.6471
-4.63607e-008 1.6471
-4.61607e-008 1.64378
-4.59607e-008 1.64378
-4.57607e-008 1.6471
-4.55607e-008 1.6471
-4.53607e-008 1.6471
-4.51607e-008 1.6471
-4.49607e-008 1.65042
-4.47607e-008 1.6471
-4.45607e-008 1.65042
-4.43607e-008 1.6471
-4.41607e-008 1.65042
-4.39607e-008 1.65042
-4.37607e-008 1.65042
-4.35607e-008 1.65042
-4.33607e-008 1.65042
-4.31607e-008 1.6471
-4.29607e-008 1.65042
-4.27607e-008 1.6471
-4.25607e-008 1.6471
-4.23607e-008 1.6471
-4.21607e-008 1.64378
-4.19607e-008 1.6471
-4.17607e-008 1.64378
-4.15607e-008 1.6471
-4.13607e-008 1.64378
-4.11607e-008 1.6471
-4.09607e-008 1.6471
-4.07607e-008 1.64378
-4.05607e-008 1.64378
-4.03607e-008 1.64378
-4.01607e-008 1.6471
-3.99607e-008 1.65042
-3.97607e-008 1.64378
-3.95607e-008 1.65042
-3.93607e-008 1.65042
-3.91607e-008 1.65374
-3.89607e-008 1.65042
-3.87607e-008 1.65042
-3.85607e-008 1.65042
-3.83607e-008 1.65374
-3.81607e-008 1.65042
-3.79607e-008 1.65042
-3.77607e-008 1.6471
-3.75607e-008 1.64378
-3.73607e-008 1.6471
-3.71607e-008 1.64378
-3.69607e-008 1.64378
-3.67607e-008 1.64378
-3.65607e-008 1.64378
-3.63607e-008 1.64378
-3.61607e-008 1.64378
-3.59607e-008 1.64046
-3.57607e-008 1.6471
-3.55607e-008 1.6471
-3.53607e-008 1.6471
-3.51607e-008 1.65042
-3.49607e-008 1.6471
-3.47607e-008 1.65042
-3.45607e-008 1.6471
-3.43607e-008 1.65042
-3.41607e-008 1.65042
-3.39607e-008 1.65042
-3.37607e-008 1.6471
-3.35607e-008 1.65042
-3.33607e-008 1.64378
-3.31607e-008 1.6471
-3.29607e-008 1.6471
-3.27607e-008 1.6471
-3.25607e-008 1.64378
-3.23607e-008 1.6471
-3.21607e-008 1.6471
-3.19607e-008 1.65042
-3.17607e-008 1.6471
-3.15607e-008 1.65042
-3.13607e-008 1.65042
-3.11607e-008 1.65042
-3.09607e-008 1.6471
-3.07607e-008 1.6471
-3.05607e-008 1.65042
-3.03607e-008 1.6471
-3.01607e-008 1.6471
-2.99607e-008 1.64046
-2.97607e-008 1.64378
-2.95607e-008 1.64378
-2.93607e-008 1.64378
-2.91607e-008 1.6471
-2.89607e-008 1.64378
-2.87607e-008 1.65042
-2.85607e-008 1.64378
-2.83607e-008 1.6471
-2.81607e-008 1.6471
-2.79607e-008 1.6471
-2.77607e-008 1.65042
-2.75607e-008 1.6471
-2.73607e-008 1.6471
-2.71607e-008 1.6471
-2.69607e-008 1.64378
-2.67607e-008 1.6471
-2.65607e-008 1.6471
-2.63607e-008 1.65042
-2.61607e-008 1.65042
-2.59607e-008 1.65042
-2.57607e-008 1.6471
-2.55607e-008 1.65042
-2.53607e-008 1.6471
-2.51607e-008 1.65042
-2.49607e-008 1.65042
-2.47607e-008 1.65374
-2.45607e-008 1.65042
-2.43607e-008 1.6471
-2.41607e-008 1.6471
-2.39607e-008 1.65042
-2.37607e-008 1.65042
-2.35607e-008 1.6471
-2.33607e-008 1.6471
-2.31607e-008 1.64046
-2.29607e-008 1.64378
-2.27607e-008 1.6471
-2.25607e-008 1.6471
-2.23607e-008 1.6471
-2.21607e-008 1.6471
-2.19607e-008 1.65042
-2.17607e-008 1.65042
-2.15607e-008 1.6471
-2.13607e-008 1.6471
-2.11607e-008 1.6471
-2.09607e-008 1.6471
-2.07607e-008 1.65042
-2.05607e-008 1.6471
-2.03607e-008 1.65042
-2.01607e-008 1.64378
-1.99607e-008 1.6471
-1.97607e-008 1.6471
-1.95607e-008 1.65042
-1.93607e-008 1.65042
-1.91607e-008 1.65042
-1.89607e-008 1.65042
-1.87607e-008 1.65042
-1.85607e-008 1.6471
-1.83607e-008 1.6471
-1.81607e-008 1.65042
-1.79607e-008 1.65042
-1.77607e-008 1.6471
-1.75607e-008 1.65042
-1.73607e-008 1.64378
-1.71607e-008 1.65042
-1.69607e-008 1.65042
-1.67607e-008 1.6471
-1.65607e-008 1.65042
-1.63607e-008 1.65374
-1.61607e-008 1.65042
-1.59607e-008 1.65042
-1.57607e-008 1.6471
-1.55607e-008 1.65042
-1.53607e-008 1.6471
-1.51607e-008 1.65042
-1.49607e-008 1.64378
-1.47607e-008 1.64378
-1.45607e-008 1.6471
-1.43607e-008 1.65042
-1.41607e-008 1.65374
-1.39607e-008 1.64378
-1.37607e-008 1.64378
-1.35607e-008 1.65042
-1.33607e-008 1.65042
-1.31607e-008 1.65042
-1.29607e-008 1.6471
-1.27607e-008 1.6471
-1.25607e-008 1.64378
-1.23607e-008 1.6471
-1.21607e-008 1.6471
-1.19607e-008 1.6471
-1.17607e-008 1.6471
-1.15607e-008 1.6471
-1.13607e-008 1.64378
-1.11607e-008 1.64378
-1.09607e-008 1.64378
-1.07607e-008 1.6471
-1.05607e-008 1.65042
-1.03607e-008 1.65042
-1.01607e-008 1.65042
-9.96066e-009 1.65042
-9.76066e-009 1.6471
-9.56066e-009 1.6471
-9.36066e-009 1.6471
-9.16066e-009 1.6471
-8.96066e-009 1.6471
-8.76066e-009 1.6471
-8.56066e-009 1.6471
-8.36066e-009 1.64378
-8.16066e-009 1.64378
-7.96066e-009 1.64378
-7.76066e-009 1.64378
-7.56066e-009 1.6471
-7.36066e-009 1.6471
-7.16066e-009 1.65042
-6.96066e-009 1.65374
-6.76066e-009 1.65042
-6.56066e-009 1.65042
-6.36066e-009 1.65042
-6.16066e-009 1.65374
-5.96066e-009 1.65374
-5.76066e-009 1.65706
-5.56066e-009 1.65706
-5.36066e-009 1.65706
-5.16066e-009 1.66039
-4.96066e-009 1.66039
-4.76066e-009 1.66371
-4.56066e-009 1.66703
-4.36066e-009 1.66371
-4.16066e-009 1.67367
-3.96066e-009 1.67699
-3.76066e-009 1.68031
-3.56066e-009 1.68031
-3.36066e-009 1.69027
-3.16066e-009 1.69692
-2.96066e-009 1.70356
-2.76066e-009 1.70688
-2.56066e-009 1.72016
-2.36066e-009 1.7268
-2.16066e-009 1.73677
-1.96066e-009 1.73677
-1.76066e-009 1.74341
-1.56066e-009 1.75337
-1.36066e-009 1.76333
-1.16066e-009 1.7733
-9.60662e-010 1.77994
-7.60662e-010 1.79322
-5.60662e-010 1.80319
-3.60662e-010 1.80983
-1.60662e-010 1.81979
3.93375e-011 1.81979
2.39338e-010 1.83307
4.39338e-010 1.8364
6.39338e-010 1.84968
8.39338e-010 1.85964
1.03934e-009 1.86628
1.23934e-009 1.87625
1.43934e-009 1.88289
1.63934e-009 1.89285
1.83934e-009 1.89949
2.03934e-009 1.90946
2.23934e-009 1.91942
2.43934e-009 1.92606
2.63934e-009 1.93934
2.83934e-009 1.94267
3.03934e-009 1.94931
3.23934e-009 1.95595
3.43934e-009 1.96591
3.63934e-009 1.96591
3.83934e-009 1.9792
4.03934e-009 1.97587
4.23934e-009 1.98252
4.43934e-009 1.98584
4.63934e-009 1.98584
4.83934e-009 1.98916
5.03934e-009 1.98916
5.23934e-009 1.9958
5.43934e-009 1.99912
5.63934e-009 1.9958
5.83934e-009 1.99912
6.03934e-009 1.99912
6.23934e-009 1.99912
6.43934e-009 2.00576
6.63934e-009 2.00576
6.83934e-009 2.00908
7.03934e-009 2.00576
7.23934e-009 2.00908
7.43934e-009 2.00576
7.63934e-009 2.00576
7.83934e-009 2.00576
8.03934e-009 2.00244
8.23934e-009 1.99912
8.43934e-009 1.9958
8.63934e-009 1.9958
8.83934e-009 1.99248
9.03934e-009 1.98916
9.23934e-009 1.98584
9.43934e-009 1.98252
9.63934e-009 1.97587
9.83934e-009 1.98252
1.00393e-008 1.97255
1.02393e-008 1.97255
1.04393e-008 1.96923
1.06393e-008 1.95927
1.08393e-008 1.96259
1.10393e-008 1.95595
1.12393e-008 1.94931
1.14393e-008 1.94599
1.16393e-008 1.93934
1.18393e-008 1.93934
1.20393e-008 1.9327
1.22393e-008 1.9327
1.24393e-008 1.92274
1.26393e-008 1.91942
1.28393e-008 1.9161
1.30393e-008 1.91278
1.32393e-008 1.90613
1.34393e-008 1.89949
1.36393e-008 1.89285
1.38393e-008 1.88953
1.40393e-008 1.88289
1.42393e-008 1.87957
1.44393e-008 1.87293
1.46393e-008 1.87293
1.48393e-008 1.86296
1.50393e-008 1.853
1.52393e-008 1.853
1.54393e-008 1.853
1.56393e-008 1.84636
1.58393e-008 1.83972
1.60393e-008 1.8364
1.62393e-008 1.82975
1.64393e-008 1.82975
1.66393e-008 1.82311
1.68393e-008 1.81979
1.70393e-008 1.81979
1.72393e-008 1.80983
1.74393e-008 1.80651
1.76393e-008 1.80319
1.78393e-008 1.79322
1.80393e-008 1.7899
1.82393e-008 1.78326
1.84393e-008 1.78326
1.86393e-008 1.77662
1.88393e-008 1.77662
1.90393e-008 1.76998
1.92393e-008 1.76333
1.94393e-008 1.75669
1.96393e-008 1.75669
1.98393e-008 1.75337
2.00393e-008 1.75005
2.02393e-008 1.75005
2.04393e-008 1.74341
2.06393e-008 1.74341
2.08393e-008 1.73677
2.10393e-008 1.73345
2.12393e-008 1.73345
2.14393e-008 1.7268
2.16393e-008 1.72348
2.18393e-008 1.72348
2.20393e-008 1.71684
2.22393e-008 1.71352
2.24393e-008 1.70688
2.26393e-008 1.70688
2.28393e-008 1.70356
2.30393e-008 1.70024
2.32393e-008 1.70024
2.34393e-008 1.69692
2.36393e-008 1.6936
2.38393e-008 1.6936
2.40393e-008 1.69027
2.42393e-008 1.68363
2.44393e-008 1.68363
2.46393e-008 1.68031
2.48393e-008 1.68031
2.50393e-008 1.68031
2.52393e-008 1.68031
2.54393e-008 1.67699
2.56393e-008 1.66703
2.58393e-008 1.66703
2.60393e-008 1.66371
2.62393e-008 1.66371
2.64393e-008 1.66039
2.66393e-008 1.66039
2.68393e-008 1.66039
2.70393e-008 1.66039
2.72393e-008 1.65706
2.74393e-008 1.65706
2.76393e-008 1.65374
2.78393e-008 1.6471
2.80393e-008 1.65374
2.82393e-008 1.65042
2.84393e-008 1.65042
2.86393e-008 1.64378
2.88393e-008 1.6471
2.90393e-008 1.64378
2.92393e-008 1.6471
2.94393e-008 1.6471
2.96393e-008 1.64378
2.98393e-008 1.64046
3.00393e-008 1.64046
3.02393e-008 1.64046
3.04393e-008 1.64046
3.06393e-008 1.64046
3.08393e-008 1.64046
3.10393e-008 1.64046
3.12393e-008 1.64046
3.14393e-008 1.63714
3.16393e-008 1.64046
3.18393e-008 1.6305
3.20393e-008 1.63382
3.22393e-008 1.63714
3.24393e-008 1.63382
3.26393e-008 1.62386
3.28393e-008 1.62718
3.30393e-008 1.62718
3.32393e-008 1.62718
3.34393e-008 1.6305
3.36393e-008 1.6305
3.38393e-008 1.6305
3.40393e-008 1.6305
3.42393e-008 1.63382
3.44393e-008 1.6305
3.46393e-008 1.62718
3.48393e-008 1.6305
3.50393e-008 1.62718
3.52393e-008 1.62386
3.54393e-008 1.62386
3.56393e-008 1.61721
3.58393e-008 1.62386
3.60393e-008 1.62386
3.62393e-008 1.62718
3.64393e-008 1.62718
3.66393e-008 1.6305
3.68393e-008 1.6305
3.70393e-008 1.62718
3.72393e-008 1.62386
3.74393e-008 1.62386
3.76393e-008 1.62053
3.78393e-008 1.62386
3.80393e-008 1.62053
3.82393e-008 1.62053
3.84393e-008 1.62053
3.86393e-008 1.62053
3.88393e-008 1.61721
3.90393e-008 1.62053
3.92393e-008 1.61721
3.94393e-008 1.62053
3.96393e-008 1.62053
3.98393e-008 1.61721
4.00393e-008 1.62386
4.02393e-008 1.62053
4.04393e-008 1.62386
4.06393e-008 1.62718
4.08393e-008 1.62386
4.10393e-008 1.62718
4.12393e-008 1.62386
4.14393e-008 1.62053
4.16393e-008 1.62386
4.18393e-008 1.62053
4.20393e-008 1.62053
4.22393e-008 1.62053
4.24393e-008 1.62386
4.26393e-008 1.62386
4.28393e-008 1.62386
4.30393e-008 1.62386
4.32393e-008 1.62386
4.34393e-008 1.62386
4.36393e-008 1.62386
4.38393e-008 1.62718
4.40393e-008 1.62718
4.42393e-008 1.62386
4.44393e-008 1.6305
4.46393e-008 1.6305
4.48393e-008 1.62718
4.50393e-008 1.62718
4.52393e-008 1.6305
4.54393e-008 1.62386
4.56393e-008 1.62718
4.58393e-008 1.62718
4.60393e-008 1.6305
4.62393e-008 1.62718
4.64393e-008 1.62386
4.66393e-008 1.62053
4.68393e-008 1.62718
4.70393e-008 1.62386
4.72393e-008 1.6305
4.74393e-008 1.62718
4.76393e-008 1.62718
4.78393e-008 1.62718
4.80393e-008 1.62718
4.82393e-008 1.62386
4.84393e-008 1.6305
4.86393e-008 1.62386
4.88393e-008 1.62386
4.90393e-008 1.62718
4.92393e-008 1.62386
4.94393e-008 1.62386
4.96393e-008 1.62386
4.98393e-008 1.62386
5.00393e-008 1.62386
5.02393e-008 1.62386
5.04393e-008 1.62386
5.06393e-008 1.6305
5.08393e-008 1.6305
5.10393e-008 1.62718
5.12393e-008 1.6305
5.14393e-008 1.6305
5.16393e-008 1.6305
5.18393e-008 1.62718
5.20393e-008 1.6305
5.22393e-008 1.62718
5.24393e-008 1.6305
5.26393e-008 1.6305
5.28393e-008 1.62386
5.30393e-008 1.62718
5.32393e-008 1.62718
5.34393e-008 1.62386
5.36393e-008 1.62386
5.38393e-008 1.62718
5.40393e-008 1.6305
5.42393e-008 1.6305
5.44393e-008 1.6305
5.46393e-008 1.62718
5.48393e-008 1.6305
5.50393e-008 1.62718
5.52393e-008 1.6305
5.54393e-008 1.6305
5.56393e-008 1.63382
5.58393e-008 1.6305
5.60393e-008 1.62718
5.62393e-008 1.6305
5.64393e-008 1.6305
5.66393e-008 1.62718
5.68393e-008 1.63382
5.70393e-008 1.62718
5.72393e-008 1.62718
5.74393e-008 1.63382
5.76393e-008 1.63382
5.78393e-008 1.6305
5.80393e-008 1.63382
5.82393e-008 1.6305
5.84393e-008 1.6305
5.86393e-008 1.6305
5.88393e-008 1.6305
5.90393e-008 1.62386
5.92393e-008 1.6305
5.94393e-008 1.62718
5.96393e-008 1.6305
5.98393e-008 1.6305
6.00393e-008 1.62718
6.02393e-008 1.6305
6.04393e-008 1.6305
6.06393e-008 1.6305
6.08393e-008 1.6305
6.10393e-008 1.6305
6.12393e-008 1.63382
6.14393e-008 1.6305
6.16393e-008 1.63382
6.18393e-008 1.6305
6.20393e-008 1.63382
6.22393e-008 1.6305
6.24393e-008 1.6305
6.26393e-008 1.6305
6.28393e-008 1.62718
6.30393e-008 1.62718
6.32393e-008 1.63382
6.34393e-008 1.63382
6.36393e-008 1.63382
6.38393e-008 1.63382
6.40393e-008 1.63714
6.42393e-008 1.63714
6.44393e-008 1.64046
6.46393e-008 1.63382
6.48393e-008 1.63382
6.50393e-008 1.63714
6.52393e-008 1.63714
6.54393e-008 1.63382
6.56393e-008 1.6305
6.58393e-008 1.63382
6.60393e-008 1.63382
6.62393e-008 1.6305
6.64393e-008 1.63714
6.66393e-008 1.6305
6.68393e-008 1.63714
6.70393e-008 1.63714
6.72393e-008 1.63714
6.74393e-008 1.63714
6.76393e-008 1.63382
6.78393e-008 1.6305
6.80393e-008 1.63382
6.82393e-008 1.6305
6.84393e-008 1.6305
6.86393e-008 1.63382
6.88393e-008 1.6305
6.90393e-008 1.63714
6.92393e-008 1.64046
6.94393e-008 1.64046
6.96393e-008 1.64046
6.98393e-008 1.64046
7.00393e-008 1.64046
7.02393e-008 1.64378
7.04393e-008 1.64046
7.06393e-008 1.63714
7.08393e-008 1.64046
7.10393e-008 1.63382
7.12393e-008 1.63382
7.14393e-008 1.63714
7.16393e-008 1.63714
7.18393e-008 1.63714
7.20393e-008 1.63382
7.22393e-008 1.63382
7.24393e-008 1.63714
7.26393e-008 1.63714
7.28393e-008 1.63714
7.30393e-008 1.63714
7.32393e-008 1.64046
7.34393e-008 1.64046
7.36393e-008 1.64046
7.38393e-008 1.64046
7.40393e-008 1.64046
7.42393e-008 1.64046
7.44393e-008 1.64046
7.46393e-008 1.64378
7.48393e-008 1.64378
7.50393e-008 1.63714
7.52393e-008 1.64378
7.54393e-008 1.64046
7.56393e-008 1.63714
7.58393e-008 1.64378
7.60393e-008 1.64046
7.62393e-008 1.64046
7.64393e-008 1.64378
7.66393e-008 1.64378
7.68393e-008 1.64378
7.70393e-008 1.64378
7.72393e-008 1.64378
7.74393e-008 1.64046
7.76393e-008 1.64046
7.78393e-008 1.64046
7.80393e-008 1.64046
7.82393e-008 1.64046
7.84393e-008 1.64378
7.86393e-008 1.64046
7.88393e-008 1.64378
7.90393e-008 1.64046
7.92393e-008 1.64378
7.94393e-008 1.64378
7.96393e-008 1.64046
7.98393e-008 1.64378
8.00393e-008 1.64378
8.02393e-008 1.64378
8.04393e-008 1.6471
8.06393e-008 1.64046
8.08393e-008 1.6471
8.10393e-008 1.64046
8.12393e-008 1.64046
8.14393e-008 1.63714
8.16393e-008 1.64046
8.18393e-008 1.64046
8.20393e-008 1.64378
8.22393e-008 1.64046
8.24393e-008 1.63714
8.26393e-008 1.63714
8.28393e-008 1.63714
8.30393e-008 1.63714
8.32393e-008 1.63714
8.34393e-008 1.63714
8.36393e-008 1.64046
8.38393e-008 1.63714
8.40393e-008 1.63714
8.42393e-008 1.64046
8.44393e-008 1.64046
8.46393e-008 1.63714
8.48393e-008 1.64046
8.50393e-008 1.63714
8.52393e-008 1.64378
8.54393e-008 1.64046
8.56393e-008 1.64046
8.58393e-008 1.63714
8.60393e-008 1.63714
8.62393e-008 1.63714
8.64393e-008 1.63714
8.66393e-008 1.6305
8.68393e-008 1.63714
8.70393e-008 1.63382
8.72393e-008 1.6305
8.74393e-008 1.63382
8.76393e-008 1.63714
8.78393e-008 1.63714
8.80393e-008 1.63714
8.82393e-008 1.63714
8.84393e-008 1.64046
8.86393e-008 1.63382
8.88393e-008 1.63714
8.90393e-008 1.63382
8.92393e-008 1.63382
8.94393e-008 1.63714
8.96393e-008 1.63382
8.98393e-008 1.63382
9.00393e-008 1.63382
9.02393e-008 1.6305
9.04393e-008 1.6305
9.06393e-008 1.63382
9.08393e-008 1.63382
9.10393e-008 1.6305
9.12393e-008 1.63714
9.14393e-008 1.63714
9.16393e-008 1.64378
9.18393e-008 1.63714
9.20393e-008 1.63714
9.22393e-008 1.64046
9.24393e-008 1.63714
9.26393e-008 1.63382
9.28393e-008 1.63714
9.30393e-008 1.63382
9.32393e-008 1.63714
9.34393e-008 1.63382
9.36393e-008 1.63382
9.38393e-008 1.63382
9.40393e-008 1.63382
9.42393e-008 1.6305
9.44393e-008 1.63382
9.46393e-008 1.63382
9.48393e-008 1.63382
9.50393e-008 1.6305
9.52393e-008 1.6305
9.54393e-008 1.63382
9.56393e-008 1.63382
9.58393e-008 1.6305
9.60393e-008 1.6305
9.62393e-008 1.6305
9.64393e-008 1.63714
9.66393e-008 1.63714
9.68393e-008 1.63714
9.70393e-008 1.63382
9.72393e-008 1.63714
9.74393e-008 1.63382
9.76393e-008 1.63382
9.78393e-008 1.63382
9.80393e-008 1.63714
9.82393e-008 1.63382
9.84393e-008 1.63382
9.86393e-008 1.63382
9.88393e-008 1.63714
9.90393e-008 1.63714
9.92393e-008 1.63382
9.94393e-008 1.63382
9.96393e-008 1.63382
9.98393e-008 1.63382
1.00039e-007 1.64046
1.00239e-007 1.63714
1.00439e-007 1.63382
1.00639e-007 1.63714
1.00839e-007 1.63714
1.01039e-007 1.63382
1.01239e-007 1.63714
1.01439e-007 1.63382
1.01639e-007 1.63714
1.01839e-007 1.63714
1.02039e-007 1.63382
1.02239e-007 1.63714
1.02439e-007 1.64046
1.02639e-007 1.63382
1.02839e-007 1.63714
1.03039e-007 1.6305
1.03239e-007 1.63714
1.03439e-007 1.63714
1.03639e-007 1.63714
1.03839e-007 1.63382
1.04039e-007 1.63714
1.04239e-007 1.63714
1.04439e-007 1.64046
1.04639e-007 1.63714
1.04839e-007 1.64046
1.05039e-007 1.63714
1.05239e-007 1.63714
1.05439e-007 1.6305
1.05639e-007 1.63714
1.05839e-007 1.63382
1.06039e-007 1.63714
1.06239e-007 1.64046
1.06439e-007 1.63382
1.06639e-007 1.6305
1.06839e-007 1.64046
1.07039e-007 1.63714
1.07239e-007 1.64046
1.07439e-007 1.64378
1.07639e-007 1.64046
1.07839e-007 1.64046
1.08039e-007 1.64046
1.08239e-007 1.63714
1.08439e-007 1.64378
1.08639e-007 1.63714
1.08839e-007 1.63714
1.09039e-007 1.63714
1.09239e-007 1.64046
1.09439e-007 1.63714
1.09639e-007 1.63382
1.09839e-007 1.63714
1.10039e-007 1.63714
1.10239e-007 1.64046
1.10439e-007 1.64046
1.10639e-007 1.64046
1.10839e-007 1.64378
1.11039e-007 1.64378
1.11239e-007 1.64378
1.11439e-007 1.64046
1.11639e-007 1.64378
1.11839e-007 1.64046
1.12039e-007 1.64378
1.12239e-007 1.63714
1.12439e-007 1.64046
1.12639e-007 1.64046
1.12839e-007 1.64046
1.13039e-007 1.63714
1.13239e-007 1.64378
1.13439e-007 1.63714
1.13639e-007 1.64046
1.13839e-007 1.64046
1.14039e-007 1.64378
1.14239e-007 1.63714
1.14439e-007 1.63714
1.14639e-007 1.63714
1.14839e-007 1.63714
1.15039e-007 1.63714
1.15239e-007 1.64046
1.15439e-007 1.64046
1.15639e-007 1.64378
1.15839e-007 1.64046
1.16039e-007 1.64046
1.16239e-007 1.64046
1.16439e-007 1.64378
1.16639e-007 1.64046
1.16839e-007 1.64378
1.17039e-007 1.63714
1.17239e-007 1.64378
1.17439e-007 1.64046
1.17639e-007 1.64378
1.17839e-007 1.64046
1.18039e-007 1.64046
1.18239e-007 1.63714
1.18439e-007 1.64046
1.18639e-007 1.64378
1.18839e-007 1.64378
1.19039e-007 1.64378
1.19239e-007 1.64046
1.19439e-007 1.64046
1.19639e-007 1.64046
1.19839e-007 1.64046
1.20039e-007 1.63714
1.20239e-007 1.64046
1.20439e-007 1.63714
1.20639e-007 1.63382
1.20839e-007 1.64046
1.21039e-007 1.64046
1.21239e-007 1.63714
1.21439e-007 1.63714
1.21639e-007 1.64046
1.21839e-007 1.63382
1.22039e-007 1.64046
1.22239e-007 1.64378
1.22439e-007 1.64046
1.22639e-007 1.64046
1.22839e-007 1.64046
1.23039e-007 1.64046
1.23239e-007 1.64378
1.23439e-007 1.64046
1.23639e-007 1.64046
1.23839e-007 1.63382
1.24039e-007 1.64046
1.24239e-007 1.63714
1.24439e-007 1.64378
1.24639e-007 1.64046
1.24839e-007 1.64046
1.25039e-007 1.64378
1.25239e-007 1.64046
1.25439e-007 1.64046
1.25639e-007 1.64378
1.25839e-007 1.64046
1.26039e-007 1.64378
1.26239e-007 1.64378
1.26439e-007 1.64378
1.26639e-007 1.64046
1.26839e-007 1.64378
1.27039e-007 1.64046
1.27239e-007 1.64046
1.27439e-007 1.64046
1.27639e-007 1.64046
1.27839e-007 1.63714
1.28039e-007 1.63714
1.28239e-007 1.64046
1.28439e-007 1.64046
1.28639e-007 1.64378
1.28839e-007 1.64378
1.29039e-007 1.64046
1.29239e-007 1.64046
1.29439e-007 1.64046
1.29639e-007 1.64378
1.29839e-007 1.64378
1.30039e-007 1.64378
1.30239e-007 1.64378
1.30439e-007 1.64378
1.30639e-007 1.64378
1.30839e-007 1.64046
1.31039e-007 1.64046
1.31239e-007 1.64378
1.31439e-007 1.64378
1.31639e-007 1.64378
1.31839e-007 1.64046
1.32039e-007 1.6471
1.32239e-007 1.64378
1.32439e-007 1.6471
1.32639e-007 1.64046
1.32839e-007 1.64378
1.33039e-007 1.64046
1.33239e-007 1.64046
1.33439e-007 1.65042
1.33639e-007 1.64046
1.33839e-007 1.64046
1.34039e-007 1.64046
1.34239e-007 1.63714
1.34439e-007 1.64046
1.34639e-007 1.64046
1.34839e-007 1.64378
1.35039e-007 1.64046
1.35239e-007 1.6471
1.35439e-007 1.64378
1.35639e-007 1.64046
1.35839e-007 1.64378
1.36039e-007 1.64046
1.36239e-007 1.64046
1.36439e-007 1.6471
1.36639e-007 1.64046
1.36839e-007 1.64378
1.37039e-007 1.64046
1.37239e-007 1.64378
1.37439e-007 1.6471
1.37639e-007 1.6471
1.37839e-007 1.64378
1.38039e-007 1.6471
1.38239e-007 1.64378
1.38439e-007 1.64378
1.38639e-007 1.64378
1.38839e-007 1.64046
1.39039e-007 1.64046
1.39239e-007 1.64378
1.39439e-007 1.64378
1.39639e-007 1.64046
1.39839e-007 1.64378
1.40039e-007 1.6471
1.40239e-007 1.63714
1.40439e-007 1.64046
1.40639e-007 1.64046
1.40839e-007 1.64378
1.41039e-007 1.64046
1.41239e-007 1.64378
1.41439e-007 1.64378
1.41639e-007 1.64378
1.41839e-007 1.64378
1.42039e-007 1.64046
1.42239e-007 1.64378
1.42439e-007 1.64378
1.42639e-007 1.63714
1.42839e-007 1.64378
1.43039e-007 1.64046
1.43239e-007 1.64046
1.43439e-007 1.63714
1.43639e-007 1.64046
1.43839e-007 1.64046
1.44039e-007 1.63714
1.44239e-007 1.64378
1.44439e-007 1.64046
1.44639e-007 1.64378
1.44839e-007 1.6471
1.45039e-007 1.64378
1.45239e-007 1.6471
1.45439e-007 1.64378
1.45639e-007 1.6471
1.45839e-007 1.64378
1.46039e-007 1.6471
1.46239e-007 1.64046
1.46439e-007 1.6471
1.46639e-007 1.64046
1.46839e-007 1.64378
1.47039e-007 1.63714
1.47239e-007 1.63714
1.47439e-007 1.63714
1.47639e-007 1.64046
1.47839e-007 1.63714
1.48039e-007 1.63714
1.48239e-007 1.64046
1.48439e-007 1.64046
