LECROYWS44MXs-B 69584 Waveform
Segments 1 SegmentSize 1002
Segment TrigTime TimeSinceSegment1
#1 23-Jun-2015 23:26:30 0                 
Time Ampl
-5.17857e-008 1.6471
-5.15857e-008 1.64378
-5.13857e-008 1.65042
-5.11857e-008 1.6471
-5.09857e-008 1.64378
-5.07857e-008 1.6471
-5.05857e-008 1.65042
-5.03857e-008 1.65042
-5.01857e-008 1.65042
-4.99857e-008 1.6471
-4.97857e-008 1.65042
-4.95857e-008 1.6471
-4.93857e-008 1.64378
-4.91857e-008 1.64378
-4.89857e-008 1.64378
-4.87857e-008 1.6471
-4.85857e-008 1.6471
-4.83857e-008 1.64046
-4.81857e-008 1.6471
-4.79857e-008 1.64378
-4.77857e-008 1.6471
-4.75857e-008 1.64378
-4.73857e-008 1.6471
-4.71857e-008 1.64378
-4.69857e-008 1.6471
-4.67857e-008 1.64378
-4.65857e-008 1.64378
-4.63857e-008 1.64378
-4.61857e-008 1.64046
-4.59857e-008 1.64046
-4.57857e-008 1.6471
-4.55857e-008 1.64046
-4.53857e-008 1.64046
-4.51857e-008 1.64378
-4.49857e-008 1.6471
-4.47857e-008 1.65042
-4.45857e-008 1.65042
-4.43857e-008 1.6471
-4.41857e-008 1.6471
-4.39857e-008 1.6471
-4.37857e-008 1.6471
-4.35857e-008 1.6471
-4.33857e-008 1.65042
-4.31857e-008 1.6471
-4.29857e-008 1.6471
-4.27857e-008 1.64378
-4.25857e-008 1.64378
-4.23857e-008 1.64378
-4.21857e-008 1.6471
-4.19857e-008 1.65042
-4.17857e-008 1.6471
-4.15857e-008 1.6471
-4.13857e-008 1.6471
-4.11857e-008 1.6471
-4.09857e-008 1.64378
-4.07857e-008 1.64378
-4.05857e-008 1.65042
-4.03857e-008 1.64378
-4.01857e-008 1.6471
-3.99857e-008 1.65042
-3.97857e-008 1.6471
-3.95857e-008 1.65042
-3.93857e-008 1.6471
-3.91857e-008 1.65042
-3.89857e-008 1.6471
-3.87857e-008 1.64046
-3.85857e-008 1.6471
-3.83857e-008 1.64378
-3.81857e-008 1.6471
-3.79857e-008 1.64378
-3.77857e-008 1.6471
-3.75857e-008 1.64378
-3.73857e-008 1.65042
-3.71857e-008 1.65042
-3.69857e-008 1.65042
-3.67857e-008 1.6471
-3.65857e-008 1.6471
-3.63857e-008 1.64378
-3.61857e-008 1.6471
-3.59857e-008 1.64378
-3.57857e-008 1.6471
-3.55857e-008 1.64378
-3.53857e-008 1.64378
-3.51857e-008 1.64378
-3.49857e-008 1.64378
-3.47857e-008 1.6471
-3.45857e-008 1.6471
-3.43857e-008 1.64046
-3.41857e-008 1.64378
-3.39857e-008 1.64378
-3.37857e-008 1.6471
-3.35857e-008 1.64378
-3.33857e-008 1.6471
-3.31857e-008 1.64378
-3.29857e-008 1.6471
-3.27857e-008 1.65042
-3.25857e-008 1.6471
-3.23857e-008 1.6471
-3.21857e-008 1.6471
-3.19857e-008 1.6471
-3.17857e-008 1.65042
-3.15857e-008 1.6471
-3.13857e-008 1.65042
-3.11857e-008 1.6471
-3.09857e-008 1.6471
-3.07857e-008 1.65042
-3.05857e-008 1.65042
-3.03857e-008 1.6471
-3.01857e-008 1.65042
-2.99857e-008 1.65042
-2.97857e-008 1.65042
-2.95857e-008 1.65042
-2.93857e-008 1.65374
-2.91857e-008 1.6471
-2.89857e-008 1.65042
-2.87857e-008 1.6471
-2.85857e-008 1.6471
-2.83857e-008 1.65042
-2.81857e-008 1.6471
-2.79857e-008 1.6471
-2.77857e-008 1.64378
-2.75857e-008 1.65042
-2.73857e-008 1.6471
-2.71857e-008 1.64378
-2.69857e-008 1.65042
-2.67857e-008 1.6471
-2.65857e-008 1.65042
-2.63857e-008 1.65042
-2.61857e-008 1.6471
-2.59857e-008 1.65042
-2.57857e-008 1.6471
-2.55857e-008 1.64378
-2.53857e-008 1.65374
-2.51857e-008 1.64378
-2.49857e-008 1.6471
-2.47857e-008 1.6471
-2.45857e-008 1.6471
-2.43857e-008 1.64378
-2.41857e-008 1.6471
-2.39857e-008 1.6471
-2.37857e-008 1.6471
-2.35857e-008 1.64378
-2.33857e-008 1.6471
-2.31857e-008 1.6471
-2.29857e-008 1.6471
-2.27857e-008 1.64046
-2.25857e-008 1.65042
-2.23857e-008 1.64378
-2.21857e-008 1.6471
-2.19857e-008 1.65042
-2.17857e-008 1.65042
-2.15857e-008 1.6471
-2.13857e-008 1.65374
-2.11857e-008 1.6471
-2.09857e-008 1.65374
-2.07857e-008 1.6471
-2.05857e-008 1.65042
-2.03857e-008 1.6471
-2.01857e-008 1.65042
-1.99857e-008 1.6471
-1.97857e-008 1.6471
-1.95857e-008 1.6471
-1.93857e-008 1.6471
-1.91857e-008 1.64378
-1.89857e-008 1.6471
-1.87857e-008 1.64378
-1.85857e-008 1.64378
-1.83857e-008 1.64378
-1.81857e-008 1.64378
-1.79857e-008 1.6471
-1.77857e-008 1.6471
-1.75857e-008 1.6471
-1.73857e-008 1.65042
-1.71857e-008 1.64378
-1.69857e-008 1.65042
-1.67857e-008 1.65042
-1.65857e-008 1.6471
-1.63857e-008 1.6471
-1.61857e-008 1.65042
-1.59857e-008 1.65042
-1.57857e-008 1.6471
-1.55857e-008 1.65042
-1.53857e-008 1.65374
-1.51857e-008 1.65042
-1.49857e-008 1.6471
-1.47857e-008 1.64378
-1.45857e-008 1.65042
-1.43857e-008 1.6471
-1.41857e-008 1.65042
-1.39857e-008 1.65042
-1.37857e-008 1.65374
-1.35857e-008 1.65042
-1.33857e-008 1.6471
-1.31857e-008 1.6471
-1.29857e-008 1.65042
-1.27857e-008 1.64378
-1.25857e-008 1.65042
-1.23857e-008 1.65042
-1.21857e-008 1.65374
-1.19857e-008 1.65042
-1.17857e-008 1.65374
-1.15857e-008 1.65042
-1.13857e-008 1.65042
-1.11857e-008 1.6471
-1.09857e-008 1.65042
-1.07857e-008 1.6471
-1.05857e-008 1.65042
-1.03857e-008 1.65042
-1.01857e-008 1.65042
-9.98568e-009 1.6471
-9.78568e-009 1.65042
-9.58568e-009 1.64378
-9.38568e-009 1.65042
-9.18568e-009 1.65042
-8.98568e-009 1.65374
-8.78568e-009 1.65042
-8.58568e-009 1.65042
-8.38568e-009 1.6471
-8.18568e-009 1.6471
-7.98568e-009 1.6471
-7.78568e-009 1.65042
-7.58568e-009 1.6471
-7.38568e-009 1.65374
-7.18568e-009 1.65042
-6.98568e-009 1.65042
-6.78568e-009 1.65374
-6.58568e-009 1.65042
-6.38568e-009 1.65042
-6.18568e-009 1.65374
-5.98568e-009 1.65374
-5.78568e-009 1.66039
-5.58568e-009 1.65706
-5.38568e-009 1.65374
-5.18568e-009 1.66039
-4.98568e-009 1.66371
-4.78568e-009 1.66703
-4.58568e-009 1.67367
-4.38568e-009 1.67699
-4.18568e-009 1.67699
-3.98568e-009 1.68031
-3.78568e-009 1.68363
-3.58568e-009 1.69027
-3.38568e-009 1.6936
-3.18568e-009 1.69027
-2.98568e-009 1.70356
-2.78568e-009 1.7102
-2.58568e-009 1.72016
-2.38568e-009 1.72348
-2.18568e-009 1.73677
-1.98568e-009 1.74009
-1.78568e-009 1.74673
-1.58568e-009 1.75337
-1.38568e-009 1.76333
-1.18568e-009 1.76998
-9.85681e-010 1.77662
-7.85681e-010 1.77994
-5.85681e-010 1.79322
-3.85681e-010 1.80319
-1.85681e-010 1.81315
1.43194e-011 1.81979
2.14319e-010 1.82643
4.14319e-010 1.8364
6.14319e-010 1.84968
8.14319e-010 1.85632
1.01432e-009 1.86296
1.21432e-009 1.87293
1.41432e-009 1.87625
1.61432e-009 1.88289
1.81432e-009 1.89285
2.01432e-009 1.90281
2.21432e-009 1.90946
2.41432e-009 1.91942
2.61432e-009 1.92938
2.81432e-009 1.93602
3.01432e-009 1.94267
3.21432e-009 1.94931
3.41432e-009 1.95595
3.61432e-009 1.96923
3.81432e-009 1.96591
4.01432e-009 1.96923
4.21432e-009 1.9792
4.41432e-009 1.9792
4.61432e-009 1.98252
4.81432e-009 1.98916
5.01432e-009 1.99248
5.21432e-009 1.9958
5.41432e-009 1.9958
5.61432e-009 1.9958
5.81432e-009 1.99912
6.01432e-009 1.99912
6.21432e-009 2.00576
6.41432e-009 2.00908
6.61432e-009 2.00908
6.81432e-009 2.00908
7.01432e-009 2.0124
7.21432e-009 2.01573
7.41432e-009 2.00908
7.61432e-009 2.0124
7.81432e-009 2.0124
8.01432e-009 2.00908
8.21432e-009 2.0124
8.41432e-009 2.0124
8.61432e-009 2.0124
8.81432e-009 2.00908
9.01432e-009 2.00576
9.21432e-009 2.00576
9.41432e-009 1.99912
9.61432e-009 1.99248
9.81432e-009 1.98584
1.00143e-008 1.98252
1.02143e-008 1.98252
1.04143e-008 1.98584
1.06143e-008 1.9792
1.08143e-008 1.97587
1.10143e-008 1.97255
1.12143e-008 1.97587
1.14143e-008 1.96259
1.16143e-008 1.96591
1.18143e-008 1.95595
1.20143e-008 1.95263
1.22143e-008 1.94931
1.24143e-008 1.94931
1.26143e-008 1.93934
1.28143e-008 1.93934
1.30143e-008 1.92938
1.32143e-008 1.92274
1.34143e-008 1.91942
1.36143e-008 1.91278
1.38143e-008 1.90946
1.40143e-008 1.90613
1.42143e-008 1.90613
1.44143e-008 1.89285
1.46143e-008 1.89285
1.48143e-008 1.88953
1.50143e-008 1.88289
1.52143e-008 1.88289
1.54143e-008 1.87625
1.56143e-008 1.86628
1.58143e-008 1.85964
1.60143e-008 1.85632
1.62143e-008 1.853
1.64143e-008 1.853
1.66143e-008 1.84304
1.68143e-008 1.8364
1.70143e-008 1.82975
1.72143e-008 1.82311
1.74143e-008 1.82311
1.76143e-008 1.81979
1.78143e-008 1.80983
1.80143e-008 1.80983
1.82143e-008 1.80319
1.84143e-008 1.80319
1.86143e-008 1.79987
1.88143e-008 1.7899
1.90143e-008 1.78658
1.92143e-008 1.78326
1.94143e-008 1.78326
1.96143e-008 1.77662
1.98143e-008 1.7733
2.00143e-008 1.76998
2.02143e-008 1.76998
2.04143e-008 1.76333
2.06143e-008 1.76001
2.08143e-008 1.75005
2.10143e-008 1.75337
2.12143e-008 1.75005
2.14143e-008 1.74673
2.16143e-008 1.74341
2.18143e-008 1.73677
2.20143e-008 1.73677
2.22143e-008 1.7268
2.24143e-008 1.7268
2.26143e-008 1.72348
2.28143e-008 1.71684
2.30143e-008 1.71352
2.32143e-008 1.7102
2.34143e-008 1.70688
2.36143e-008 1.70688
2.38143e-008 1.70356
2.40143e-008 1.70356
2.42143e-008 1.70024
2.44143e-008 1.69692
2.46143e-008 1.69692
2.48143e-008 1.69692
2.50143e-008 1.69027
2.52143e-008 1.69027
2.54143e-008 1.68363
2.56143e-008 1.68363
2.58143e-008 1.68695
2.60143e-008 1.68031
2.62143e-008 1.67699
2.64143e-008 1.67699
2.66143e-008 1.67035
2.68143e-008 1.66703
2.70143e-008 1.66703
2.72143e-008 1.66371
2.74143e-008 1.65706
2.76143e-008 1.65706
2.78143e-008 1.65706
2.80143e-008 1.65706
2.82143e-008 1.65706
2.84143e-008 1.65374
2.86143e-008 1.65374
2.88143e-008 1.65706
2.90143e-008 1.65706
2.92143e-008 1.65374
2.94143e-008 1.65706
2.96143e-008 1.65374
2.98143e-008 1.65374
3.00143e-008 1.65042
3.02143e-008 1.65042
3.04143e-008 1.64378
3.06143e-008 1.6471
3.08143e-008 1.64046
3.10143e-008 1.64046
3.12143e-008 1.63714
3.14143e-008 1.64046
3.16143e-008 1.64046
3.18143e-008 1.64046
3.20143e-008 1.63714
3.22143e-008 1.63714
3.24143e-008 1.63714
3.26143e-008 1.64046
3.28143e-008 1.64046
3.30143e-008 1.63714
3.32143e-008 1.63382
3.34143e-008 1.63382
3.36143e-008 1.6305
3.38143e-008 1.63382
3.40143e-008 1.6305
3.42143e-008 1.63382
3.44143e-008 1.6305
3.46143e-008 1.6305
3.48143e-008 1.62386
3.50143e-008 1.6305
3.52143e-008 1.62718
3.54143e-008 1.6305
3.56143e-008 1.63382
3.58143e-008 1.63382
3.60143e-008 1.62718
3.62143e-008 1.6305
3.64143e-008 1.62718
3.66143e-008 1.6305
3.68143e-008 1.62386
3.70143e-008 1.62718
3.72143e-008 1.62386
3.74143e-008 1.62386
3.76143e-008 1.62386
3.78143e-008 1.62386
3.80143e-008 1.62386
3.82143e-008 1.62386
3.84143e-008 1.62386
3.86143e-008 1.6305
3.88143e-008 1.62386
3.90143e-008 1.62386
3.92143e-008 1.62386
3.94143e-008 1.62386
3.96143e-008 1.62386
3.98143e-008 1.62386
4.00143e-008 1.62386
4.02143e-008 1.62386
4.04143e-008 1.62053
4.06143e-008 1.62386
4.08143e-008 1.61721
4.10143e-008 1.62718
4.12143e-008 1.62386
4.14143e-008 1.62386
4.16143e-008 1.62386
4.18143e-008 1.62718
4.20143e-008 1.62718
4.22143e-008 1.62386
4.24143e-008 1.6305
4.26143e-008 1.62718
4.28143e-008 1.62386
4.30143e-008 1.62386
4.32143e-008 1.62053
4.34143e-008 1.62053
4.36143e-008 1.61721
4.38143e-008 1.61721
4.40143e-008 1.62053
4.42143e-008 1.61721
4.44143e-008 1.62386
4.46143e-008 1.62053
4.48143e-008 1.62386
4.50143e-008 1.62386
4.52143e-008 1.62718
4.54143e-008 1.62386
4.56143e-008 1.62718
4.58143e-008 1.6305
4.60143e-008 1.6305
4.62143e-008 1.62718
4.64143e-008 1.62718
4.66143e-008 1.62386
4.68143e-008 1.62386
4.70143e-008 1.62386
4.72143e-008 1.62386
4.74143e-008 1.62386
4.76143e-008 1.62386
4.78143e-008 1.62386
4.80143e-008 1.62718
4.82143e-008 1.62718
4.84143e-008 1.62386
4.86143e-008 1.62386
4.88143e-008 1.62386
4.90143e-008 1.62386
4.92143e-008 1.62386
4.94143e-008 1.61721
4.96143e-008 1.62386
4.98143e-008 1.62718
5.00143e-008 1.62718
5.02143e-008 1.62718
5.04143e-008 1.62718
5.06143e-008 1.62386
5.08143e-008 1.62718
5.10143e-008 1.62386
5.12143e-008 1.62386
5.14143e-008 1.62386
5.16143e-008 1.62386
5.18143e-008 1.62718
5.20143e-008 1.62386
5.22143e-008 1.62718
5.24143e-008 1.62386
5.26143e-008 1.62386
5.28143e-008 1.62718
5.30143e-008 1.62386
5.32143e-008 1.62386
5.34143e-008 1.62053
5.36143e-008 1.62386
5.38143e-008 1.62386
5.40143e-008 1.62386
5.42143e-008 1.62386
5.44143e-008 1.62386
5.46143e-008 1.62718
5.48143e-008 1.62718
5.50143e-008 1.6305
5.52143e-008 1.62718
5.54143e-008 1.62718
5.56143e-008 1.6305
5.58143e-008 1.6305
5.60143e-008 1.62386
5.62143e-008 1.6305
5.64143e-008 1.62386
5.66143e-008 1.62718
5.68143e-008 1.62718
5.70143e-008 1.62718
5.72143e-008 1.62386
5.74143e-008 1.6305
5.76143e-008 1.6305
5.78143e-008 1.6305
5.80143e-008 1.62718
5.82143e-008 1.6305
5.84143e-008 1.62718
5.86143e-008 1.62718
5.88143e-008 1.6305
5.90143e-008 1.6305
5.92143e-008 1.6305
5.94143e-008 1.6305
5.96143e-008 1.6305
5.98143e-008 1.62718
6.00143e-008 1.62386
6.02143e-008 1.62718
6.04143e-008 1.62718
6.06143e-008 1.62718
6.08143e-008 1.6305
6.10143e-008 1.62718
6.12143e-008 1.62386
6.14143e-008 1.6305
6.16143e-008 1.62718
6.18143e-008 1.6305
6.20143e-008 1.6305
6.22143e-008 1.63382
6.24143e-008 1.63382
6.26143e-008 1.63382
6.28143e-008 1.63382
6.30143e-008 1.63382
6.32143e-008 1.6305
6.34143e-008 1.63382
6.36143e-008 1.6305
6.38143e-008 1.63382
6.40143e-008 1.62718
6.42143e-008 1.6305
6.44143e-008 1.6305
6.46143e-008 1.63382
6.48143e-008 1.63714
6.50143e-008 1.63382
6.52143e-008 1.6305
6.54143e-008 1.62718
6.56143e-008 1.6305
6.58143e-008 1.6305
6.60143e-008 1.6305
6.62143e-008 1.63382
6.64143e-008 1.63382
6.66143e-008 1.6305
6.68143e-008 1.6305
6.70143e-008 1.6305
6.72143e-008 1.62718
6.74143e-008 1.6305
6.76143e-008 1.62718
6.78143e-008 1.63714
6.80143e-008 1.62718
6.82143e-008 1.6305
6.84143e-008 1.62718
6.86143e-008 1.6305
6.88143e-008 1.6305
6.90143e-008 1.63714
6.92143e-008 1.63382
6.94143e-008 1.63382
6.96143e-008 1.63714
6.98143e-008 1.63382
7.00143e-008 1.63714
7.02143e-008 1.63382
7.04143e-008 1.6305
7.06143e-008 1.6305
7.08143e-008 1.6305
7.10143e-008 1.63714
7.12143e-008 1.63382
7.14143e-008 1.63714
7.16143e-008 1.63382
7.18143e-008 1.63714
7.20143e-008 1.63382
7.22143e-008 1.64046
7.24143e-008 1.63382
7.26143e-008 1.63382
7.28143e-008 1.63714
7.30143e-008 1.63714
7.32143e-008 1.63382
7.34143e-008 1.63382
7.36143e-008 1.63382
7.38143e-008 1.6305
7.40143e-008 1.63714
7.42143e-008 1.63714
7.44143e-008 1.63714
7.46143e-008 1.64046
7.48143e-008 1.63714
7.50143e-008 1.63714
7.52143e-008 1.63714
7.54143e-008 1.63714
7.56143e-008 1.63714
7.58143e-008 1.63714
7.60143e-008 1.63382
7.62143e-008 1.63382
7.64143e-008 1.63382
7.66143e-008 1.63714
7.68143e-008 1.63714
7.70143e-008 1.63714
7.72143e-008 1.63382
7.74143e-008 1.63714
7.76143e-008 1.63714
7.78143e-008 1.64046
7.80143e-008 1.64046
7.82143e-008 1.64378
7.84143e-008 1.64378
7.86143e-008 1.64046
7.88143e-008 1.64046
7.90143e-008 1.64046
7.92143e-008 1.64046
7.94143e-008 1.63714
7.96143e-008 1.63714
7.98143e-008 1.63714
8.00143e-008 1.63382
8.02143e-008 1.64046
8.04143e-008 1.63714
8.06143e-008 1.63714
8.08143e-008 1.64046
8.10143e-008 1.64378
8.12143e-008 1.63714
8.14143e-008 1.64046
8.16143e-008 1.63382
8.18143e-008 1.63714
8.20143e-008 1.63714
8.22143e-008 1.64046
8.24143e-008 1.63382
8.26143e-008 1.63714
8.28143e-008 1.63714
8.30143e-008 1.63382
8.32143e-008 1.6305
8.34143e-008 1.6305
8.36143e-008 1.63382
8.38143e-008 1.63714
8.40143e-008 1.63382
8.42143e-008 1.63714
8.44143e-008 1.63382
8.46143e-008 1.63714
8.48143e-008 1.63382
8.50143e-008 1.63714
8.52143e-008 1.63382
8.54143e-008 1.63714
8.56143e-008 1.63382
8.58143e-008 1.63714
8.60143e-008 1.63382
8.62143e-008 1.63714
8.64143e-008 1.63382
8.66143e-008 1.6305
8.68143e-008 1.6305
8.70143e-008 1.63714
8.72143e-008 1.62718
8.74143e-008 1.63714
8.76143e-008 1.6305
8.78143e-008 1.63382
8.80143e-008 1.6305
8.82143e-008 1.6305
8.84143e-008 1.6305
8.86143e-008 1.6305
8.88143e-008 1.6305
8.90143e-008 1.6305
8.92143e-008 1.6305
8.94143e-008 1.6305
8.96143e-008 1.6305
8.98143e-008 1.6305
9.00143e-008 1.6305
9.02143e-008 1.6305
9.04143e-008 1.6305
9.06143e-008 1.6305
9.08143e-008 1.6305
9.10143e-008 1.63382
9.12143e-008 1.62718
9.14143e-008 1.6305
9.16143e-008 1.6305
9.18143e-008 1.63382
9.20143e-008 1.63382
9.22143e-008 1.63714
9.24143e-008 1.63382
9.26143e-008 1.63382
9.28143e-008 1.6305
9.30143e-008 1.63382
9.32143e-008 1.63382
9.34143e-008 1.6305
9.36143e-008 1.6305
9.38143e-008 1.6305
9.40143e-008 1.63382
9.42143e-008 1.6305
9.44143e-008 1.6305
9.46143e-008 1.6305
9.48143e-008 1.62718
9.50143e-008 1.62718
9.52143e-008 1.62718
9.54143e-008 1.62718
9.56143e-008 1.62718
9.58143e-008 1.6305
9.60143e-008 1.6305
9.62143e-008 1.6305
9.64143e-008 1.6305
9.66143e-008 1.6305
9.68143e-008 1.6305
9.70143e-008 1.63382
9.72143e-008 1.63382
9.74143e-008 1.63714
9.76143e-008 1.6305
9.78143e-008 1.63714
9.80143e-008 1.63382
9.82143e-008 1.63382
9.84143e-008 1.6305
9.86143e-008 1.6305
9.88143e-008 1.6305
9.90143e-008 1.6305
9.92143e-008 1.63382
9.94143e-008 1.6305
9.96143e-008 1.6305
9.98143e-008 1.6305
1.00014e-007 1.63382
1.00214e-007 1.63382
1.00414e-007 1.63382
1.00614e-007 1.6305
1.00814e-007 1.63382
1.01014e-007 1.6305
1.01214e-007 1.63382
1.01414e-007 1.63382
1.01614e-007 1.6305
1.01814e-007 1.6305
1.02014e-007 1.6305
1.02214e-007 1.6305
1.02414e-007 1.62718
1.02614e-007 1.6305
1.02814e-007 1.6305
1.03014e-007 1.6305
1.03214e-007 1.62386
1.03414e-007 1.62718
1.03614e-007 1.6305
1.03814e-007 1.6305
1.04014e-007 1.6305
1.04214e-007 1.63382
1.04414e-007 1.63382
1.04614e-007 1.63382
1.04814e-007 1.63714
1.05014e-007 1.63382
1.05214e-007 1.63382
1.05414e-007 1.63382
1.05614e-007 1.63714
1.05814e-007 1.63714
1.06014e-007 1.6305
1.06214e-007 1.6305
1.06414e-007 1.6305
1.06614e-007 1.6305
1.06814e-007 1.6305
1.07014e-007 1.63382
1.07214e-007 1.63714
1.07414e-007 1.63382
1.07614e-007 1.63382
1.07814e-007 1.63714
1.08014e-007 1.6305
1.08214e-007 1.63382
1.08414e-007 1.63382
1.08614e-007 1.64378
1.08814e-007 1.63714
1.09014e-007 1.63714
1.09214e-007 1.63714
1.09414e-007 1.63382
1.09614e-007 1.63382
1.09814e-007 1.63382
1.10014e-007 1.63714
1.10214e-007 1.63382
1.10414e-007 1.63382
1.10614e-007 1.63714
1.10814e-007 1.63382
1.11014e-007 1.63382
1.11214e-007 1.63382
1.11414e-007 1.63714
1.11614e-007 1.63382
1.11814e-007 1.63714
1.12014e-007 1.63714
1.12214e-007 1.63714
1.12414e-007 1.63382
1.12614e-007 1.63714
1.12814e-007 1.63382
1.13014e-007 1.64046
1.13214e-007 1.63382
1.13414e-007 1.63714
1.13614e-007 1.63382
1.13814e-007 1.63714
1.14014e-007 1.63382
1.14214e-007 1.63714
1.14414e-007 1.63714
1.14614e-007 1.6305
1.14814e-007 1.63714
1.15014e-007 1.63714
1.15214e-007 1.63382
1.15414e-007 1.63714
1.15614e-007 1.63714
1.15814e-007 1.63714
1.16014e-007 1.63382
1.16214e-007 1.63382
1.16414e-007 1.6305
1.16614e-007 1.63382
1.16814e-007 1.63714
1.17014e-007 1.63382
1.17214e-007 1.63382
1.17414e-007 1.64046
1.17614e-007 1.63714
1.17814e-007 1.63714
1.18014e-007 1.63714
1.18214e-007 1.63714
1.18414e-007 1.63714
1.18614e-007 1.64046
1.18814e-007 1.63714
1.19014e-007 1.63714
1.19214e-007 1.63714
1.19414e-007 1.63714
1.19614e-007 1.63714
1.19814e-007 1.63714
1.20014e-007 1.63714
1.20214e-007 1.64378
1.20414e-007 1.64046
1.20614e-007 1.63714
1.20814e-007 1.63714
1.21014e-007 1.63714
1.21214e-007 1.63382
1.21414e-007 1.63382
1.21614e-007 1.63382
1.21814e-007 1.63382
1.22014e-007 1.63714
1.22214e-007 1.63714
1.22414e-007 1.63714
1.22614e-007 1.63714
1.22814e-007 1.64046
1.23014e-007 1.64046
1.23214e-007 1.63714
1.23414e-007 1.63382
1.23614e-007 1.63382
1.23814e-007 1.64046
1.24014e-007 1.63714
1.24214e-007 1.64046
1.24414e-007 1.63714
1.24614e-007 1.64046
1.24814e-007 1.63714
1.25014e-007 1.63714
1.25214e-007 1.63714
1.25414e-007 1.64046
1.25614e-007 1.64046
1.25814e-007 1.64046
1.26014e-007 1.63714
1.26214e-007 1.64046
1.26414e-007 1.64046
1.26614e-007 1.64046
1.26814e-007 1.64046
1.27014e-007 1.6471
1.27214e-007 1.64046
1.27414e-007 1.64378
1.27614e-007 1.64046
1.27814e-007 1.64046
1.28014e-007 1.64046
1.28214e-007 1.64046
1.28414e-007 1.63714
1.28614e-007 1.64378
1.28814e-007 1.63714
1.29014e-007 1.64378
1.29214e-007 1.63714
1.29414e-007 1.64046
1.29614e-007 1.63714
1.29814e-007 1.64046
1.30014e-007 1.64046
1.30214e-007 1.64378
1.30414e-007 1.64046
1.30614e-007 1.64046
1.30814e-007 1.63714
1.31014e-007 1.63714
1.31214e-007 1.63714
1.31414e-007 1.63714
1.31614e-007 1.64046
1.31814e-007 1.63714
1.32014e-007 1.63714
1.32214e-007 1.64046
1.32414e-007 1.63714
1.32614e-007 1.64046
1.32814e-007 1.63714
1.33014e-007 1.64046
1.33214e-007 1.63382
1.33414e-007 1.64046
1.33614e-007 1.63714
1.33814e-007 1.64378
1.34014e-007 1.64046
1.34214e-007 1.63714
1.34414e-007 1.63714
1.34614e-007 1.64046
1.34814e-007 1.64046
1.35014e-007 1.63714
1.35214e-007 1.64046
1.35414e-007 1.64046
1.35614e-007 1.63714
1.35814e-007 1.64046
1.36014e-007 1.63714
1.36214e-007 1.64378
1.36414e-007 1.64046
1.36614e-007 1.64378
1.36814e-007 1.64378
1.37014e-007 1.64046
1.37214e-007 1.64378
1.37414e-007 1.64378
1.37614e-007 1.64378
1.37814e-007 1.64378
1.38014e-007 1.64378
1.38214e-007 1.64046
1.38414e-007 1.63714
1.38614e-007 1.64046
1.38814e-007 1.63714
1.39014e-007 1.64046
1.39214e-007 1.63714
1.39414e-007 1.64378
1.39614e-007 1.63714
1.39814e-007 1.63714
1.40014e-007 1.64046
1.40214e-007 1.64378
1.40414e-007 1.64046
1.40614e-007 1.64378
1.40814e-007 1.64046
1.41014e-007 1.64378
1.41214e-007 1.64378
1.41414e-007 1.64378
1.41614e-007 1.64046
1.41814e-007 1.64378
1.42014e-007 1.63714
1.42214e-007 1.63714
1.42414e-007 1.63714
1.42614e-007 1.64046
1.42814e-007 1.63714
1.43014e-007 1.64378
1.43214e-007 1.64046
1.43414e-007 1.64046
1.43614e-007 1.63714
1.43814e-007 1.64378
1.44014e-007 1.64046
1.44214e-007 1.64046
1.44414e-007 1.64378
1.44614e-007 1.6471
1.44814e-007 1.64378
1.45014e-007 1.64378
1.45214e-007 1.63714
1.45414e-007 1.64046
1.45614e-007 1.64046
1.45814e-007 1.6471
1.46014e-007 1.64046
1.46214e-007 1.64378
1.46414e-007 1.64046
1.46614e-007 1.64046
1.46814e-007 1.64046
1.47014e-007 1.64378
1.47214e-007 1.64046
1.47414e-007 1.64378
1.47614e-007 1.64046
1.47814e-007 1.64046
1.48014e-007 1.63714
1.48214e-007 1.64046
1.48414e-007 1.63714
