LECROYWS44MXs-B 69584 Waveform
Segments 1 SegmentSize 1002
Segment TrigTime TimeSinceSegment1
#1 23-Jun-2015 23:43:32 0                 
Time Ampl
-5.16182e-008 1.64046
-5.14182e-008 1.64046
-5.12182e-008 1.64046
-5.10182e-008 1.64378
-5.08182e-008 1.64378
-5.06182e-008 1.64378
-5.04182e-008 1.64378
-5.02182e-008 1.64378
-5.00182e-008 1.64378
-4.98182e-008 1.64046
-4.96182e-008 1.64378
-4.94182e-008 1.64378
-4.92182e-008 1.6471
-4.90182e-008 1.64046
-4.88182e-008 1.64378
-4.86182e-008 1.64046
-4.84182e-008 1.64046
-4.82182e-008 1.64046
-4.80182e-008 1.64378
-4.78182e-008 1.64378
-4.76182e-008 1.64378
-4.74182e-008 1.64378
-4.72182e-008 1.64378
-4.70182e-008 1.64046
-4.68182e-008 1.64378
-4.66182e-008 1.64378
-4.64182e-008 1.64378
-4.62182e-008 1.64046
-4.60182e-008 1.64378
-4.58182e-008 1.64378
-4.56182e-008 1.6471
-4.54182e-008 1.64378
-4.52182e-008 1.64378
-4.50182e-008 1.64378
-4.48182e-008 1.64378
-4.46182e-008 1.64378
-4.44182e-008 1.6471
-4.42182e-008 1.6471
-4.40182e-008 1.6471
-4.38182e-008 1.64378
-4.36182e-008 1.6471
-4.34182e-008 1.64046
-4.32182e-008 1.64378
-4.30182e-008 1.64378
-4.28182e-008 1.64378
-4.26182e-008 1.64046
-4.24182e-008 1.64378
-4.22182e-008 1.64378
-4.20182e-008 1.64378
-4.18182e-008 1.64046
-4.16182e-008 1.6471
-4.14182e-008 1.64378
-4.12182e-008 1.6471
-4.10182e-008 1.64378
-4.08182e-008 1.6471
-4.06182e-008 1.64378
-4.04182e-008 1.65042
-4.02182e-008 1.6471
-4.00182e-008 1.64378
-3.98182e-008 1.64378
-3.96182e-008 1.64378
-3.94182e-008 1.65042
-3.92182e-008 1.6471
-3.90182e-008 1.64378
-3.88182e-008 1.64378
-3.86182e-008 1.64378
-3.84182e-008 1.6471
-3.82182e-008 1.64378
-3.80182e-008 1.64378
-3.78182e-008 1.64378
-3.76182e-008 1.6471
-3.74182e-008 1.64378
-3.72182e-008 1.64378
-3.70182e-008 1.64378
-3.68182e-008 1.6471
-3.66182e-008 1.64378
-3.64182e-008 1.64378
-3.62182e-008 1.64046
-3.60182e-008 1.64378
-3.58182e-008 1.64046
-3.56182e-008 1.64046
-3.54182e-008 1.64378
-3.52182e-008 1.64378
-3.50182e-008 1.64378
-3.48182e-008 1.64378
-3.46182e-008 1.64378
-3.44182e-008 1.64378
-3.42182e-008 1.6471
-3.40182e-008 1.6471
-3.38182e-008 1.64378
-3.36182e-008 1.64378
-3.34182e-008 1.64378
-3.32182e-008 1.6471
-3.30182e-008 1.64378
-3.28182e-008 1.64378
-3.26182e-008 1.64046
-3.24182e-008 1.64378
-3.22182e-008 1.64378
-3.20182e-008 1.64378
-3.18182e-008 1.64046
-3.16182e-008 1.64378
-3.14182e-008 1.64046
-3.12182e-008 1.6471
-3.10182e-008 1.64378
-3.08182e-008 1.64378
-3.06182e-008 1.6471
-3.04182e-008 1.6471
-3.02182e-008 1.64378
-3.00182e-008 1.64378
-2.98182e-008 1.64378
-2.96182e-008 1.64378
-2.94182e-008 1.64378
-2.92182e-008 1.64046
-2.90182e-008 1.64378
-2.88182e-008 1.64046
-2.86182e-008 1.64378
-2.84182e-008 1.6471
-2.82182e-008 1.64046
-2.80182e-008 1.6471
-2.78182e-008 1.64378
-2.76182e-008 1.64378
-2.74182e-008 1.64378
-2.72182e-008 1.64378
-2.70182e-008 1.64378
-2.68182e-008 1.6471
-2.66182e-008 1.64378
-2.64182e-008 1.6471
-2.62182e-008 1.64378
-2.60182e-008 1.65042
-2.58182e-008 1.65042
-2.56182e-008 1.64378
-2.54182e-008 1.6471
-2.52182e-008 1.6471
-2.50182e-008 1.64378
-2.48182e-008 1.6471
-2.46182e-008 1.64378
-2.44182e-008 1.6471
-2.42182e-008 1.6471
-2.40182e-008 1.65042
-2.38182e-008 1.65042
-2.36182e-008 1.6471
-2.34182e-008 1.65042
-2.32182e-008 1.6471
-2.30182e-008 1.64378
-2.28182e-008 1.64378
-2.26182e-008 1.64378
-2.24182e-008 1.65042
-2.22182e-008 1.64378
-2.20182e-008 1.64378
-2.18182e-008 1.64378
-2.16182e-008 1.6471
-2.14182e-008 1.6471
-2.12182e-008 1.65042
-2.10182e-008 1.6471
-2.08182e-008 1.6471
-2.06182e-008 1.64378
-2.04182e-008 1.6471
-2.02182e-008 1.6471
-2.00182e-008 1.6471
-1.98182e-008 1.64378
-1.96182e-008 1.6471
-1.94182e-008 1.65042
-1.92182e-008 1.65042
-1.90182e-008 1.6471
-1.88182e-008 1.65042
-1.86182e-008 1.6471
-1.84182e-008 1.64378
-1.82182e-008 1.65042
-1.80182e-008 1.6471
-1.78182e-008 1.6471
-1.76182e-008 1.6471
-1.74182e-008 1.64378
-1.72182e-008 1.65042
-1.70182e-008 1.65042
-1.68182e-008 1.65042
-1.66182e-008 1.6471
-1.64182e-008 1.6471
-1.62182e-008 1.64378
-1.60182e-008 1.64378
-1.58182e-008 1.64378
-1.56182e-008 1.64378
-1.54182e-008 1.63714
-1.52182e-008 1.64378
-1.50182e-008 1.64378
-1.48182e-008 1.64378
-1.46182e-008 1.64046
-1.44182e-008 1.65042
-1.42182e-008 1.64378
-1.40182e-008 1.6471
-1.38182e-008 1.64378
-1.36182e-008 1.6471
-1.34182e-008 1.6471
-1.32182e-008 1.65042
-1.30182e-008 1.6471
-1.28182e-008 1.64378
-1.26182e-008 1.64378
-1.24182e-008 1.6471
-1.22182e-008 1.64378
-1.20182e-008 1.65042
-1.18182e-008 1.6471
-1.16182e-008 1.6471
-1.14182e-008 1.6471
-1.12182e-008 1.6471
-1.10182e-008 1.6471
-1.08182e-008 1.6471
-1.06182e-008 1.6471
-1.04182e-008 1.64378
-1.02182e-008 1.64378
-1.00182e-008 1.6471
-9.81822e-009 1.65042
-9.61822e-009 1.65042
-9.41822e-009 1.6471
-9.21822e-009 1.6471
-9.01822e-009 1.64378
-8.81822e-009 1.6471
-8.61822e-009 1.65042
-8.41822e-009 1.6471
-8.21822e-009 1.64378
-8.01822e-009 1.6471
-7.81822e-009 1.64378
-7.61822e-009 1.6471
-7.41822e-009 1.64378
-7.21822e-009 1.6471
-7.01822e-009 1.64046
-6.81822e-009 1.64378
-6.61822e-009 1.64378
-6.41822e-009 1.65042
-6.21822e-009 1.6471
-6.01822e-009 1.6471
-5.81822e-009 1.65042
-5.61822e-009 1.65374
-5.41822e-009 1.65374
-5.21822e-009 1.65374
-5.01822e-009 1.65374
-4.81822e-009 1.65706
-4.61822e-009 1.65706
-4.41822e-009 1.66039
-4.21822e-009 1.66371
-4.01822e-009 1.67035
-3.81822e-009 1.67035
-3.61822e-009 1.67699
-3.41822e-009 1.67699
-3.21822e-009 1.68363
-3.01822e-009 1.6936
-2.81822e-009 1.69692
-2.61822e-009 1.70688
-2.41822e-009 1.7102
-2.21822e-009 1.72016
-2.01822e-009 1.7268
-1.81822e-009 1.73345
-1.61822e-009 1.74341
-1.41822e-009 1.75337
-1.21822e-009 1.76001
-1.01822e-009 1.7733
-8.18219e-010 1.78326
-6.18219e-010 1.7899
-4.18219e-010 1.80319
-2.18219e-010 1.80651
-1.82185e-011 1.82311
1.81781e-010 1.83307
3.81781e-010 1.8364
5.81781e-010 1.853
7.81781e-010 1.85964
9.81781e-010 1.8696
1.18178e-009 1.88289
1.38178e-009 1.88953
1.58178e-009 1.90281
1.78178e-009 1.90946
1.98178e-009 1.92274
2.18178e-009 1.93602
2.38178e-009 1.93602
2.58178e-009 1.95927
2.78178e-009 1.96591
2.98178e-009 1.97587
3.18178e-009 1.9792
3.38178e-009 1.99248
3.58178e-009 1.99912
3.78178e-009 2.00244
3.98178e-009 2.00908
4.18178e-009 2.01905
4.38178e-009 2.02237
4.58178e-009 2.02901
4.78178e-009 2.03233
4.98178e-009 2.03565
5.18178e-009 2.03897
5.38178e-009 2.03565
5.58178e-009 2.04229
5.78178e-009 2.03897
5.98178e-009 2.03897
6.18178e-009 2.04561
6.38178e-009 2.04229
6.58178e-009 2.04561
6.78178e-009 2.04229
6.98178e-009 2.05226
7.18178e-009 2.04561
7.38178e-009 2.04894
7.58178e-009 2.04894
7.78178e-009 2.04894
7.98178e-009 2.04561
8.18178e-009 2.04229
8.38178e-009 2.03897
8.58178e-009 2.03565
8.78178e-009 2.03233
8.98178e-009 2.02901
9.18178e-009 2.02237
9.38178e-009 2.01905
9.58178e-009 2.0124
9.78178e-009 2.00576
9.98178e-009 2.00244
1.01818e-008 2.00244
1.03818e-008 1.9958
1.05818e-008 1.99248
1.07818e-008 1.98584
1.09818e-008 1.98252
1.11818e-008 1.97587
1.13818e-008 1.96923
1.15818e-008 1.96259
1.17818e-008 1.95927
1.19818e-008 1.94931
1.21818e-008 1.94599
1.23818e-008 1.93602
1.25818e-008 1.9327
1.27818e-008 1.92606
1.29818e-008 1.91942
1.31818e-008 1.90946
1.33818e-008 1.90281
1.35818e-008 1.89617
1.37818e-008 1.88953
1.39818e-008 1.88289
1.41818e-008 1.87957
1.43818e-008 1.87625
1.45818e-008 1.86296
1.47818e-008 1.85964
1.49818e-008 1.84968
1.51818e-008 1.84636
1.53818e-008 1.8364
1.55818e-008 1.83307
1.57818e-008 1.82643
1.59818e-008 1.81979
1.61818e-008 1.80983
1.63818e-008 1.79987
1.65818e-008 1.80319
1.67818e-008 1.79322
1.69818e-008 1.78326
1.71818e-008 1.77994
1.73818e-008 1.76998
1.75818e-008 1.76666
1.77818e-008 1.76333
1.79818e-008 1.75669
1.81818e-008 1.75337
1.83818e-008 1.75005
1.85818e-008 1.74341
1.87818e-008 1.74341
1.89818e-008 1.73345
1.91818e-008 1.73013
1.93818e-008 1.72348
1.95818e-008 1.72016
1.97818e-008 1.71684
1.99818e-008 1.71352
2.01818e-008 1.7102
2.03818e-008 1.70356
2.05818e-008 1.70356
2.07818e-008 1.69692
2.09818e-008 1.69027
2.11818e-008 1.68363
2.13818e-008 1.68031
2.15818e-008 1.67699
2.17818e-008 1.67035
2.19818e-008 1.66703
2.21818e-008 1.66703
2.23818e-008 1.66703
2.25818e-008 1.66039
2.27818e-008 1.66039
2.29818e-008 1.65374
2.31818e-008 1.65706
2.33818e-008 1.65042
2.35818e-008 1.65042
2.37818e-008 1.64378
2.39818e-008 1.64378
2.41818e-008 1.63714
2.43818e-008 1.63382
2.45818e-008 1.63382
2.47818e-008 1.63382
2.49818e-008 1.6305
2.51818e-008 1.6305
2.53818e-008 1.62718
2.55818e-008 1.62718
2.57818e-008 1.62386
2.59818e-008 1.62386
2.61818e-008 1.61721
2.63818e-008 1.61721
2.65818e-008 1.61721
2.67818e-008 1.61721
2.69818e-008 1.61389
2.71818e-008 1.61057
2.73818e-008 1.60725
2.75818e-008 1.60393
2.77818e-008 1.60725
2.79818e-008 1.60393
2.81818e-008 1.60393
2.83818e-008 1.60393
2.85818e-008 1.60393
2.87818e-008 1.60393
2.89818e-008 1.59729
2.91818e-008 1.59729
2.93818e-008 1.59397
2.95818e-008 1.60061
2.97818e-008 1.59729
2.99818e-008 1.60061
3.01818e-008 1.59729
3.03818e-008 1.60061
3.05818e-008 1.60061
3.07818e-008 1.60061
3.09818e-008 1.60061
3.11818e-008 1.59729
3.13818e-008 1.59729
3.15818e-008 1.59729
3.17818e-008 1.59065
3.19818e-008 1.59065
3.21818e-008 1.584
3.23818e-008 1.59065
3.25818e-008 1.58733
3.27818e-008 1.58733
3.29818e-008 1.59065
3.31818e-008 1.59397
3.33818e-008 1.59729
3.35818e-008 1.59065
3.37818e-008 1.58733
3.39818e-008 1.59729
3.41818e-008 1.59397
3.43818e-008 1.59065
3.45818e-008 1.59065
3.47818e-008 1.59065
3.49818e-008 1.59397
3.51818e-008 1.59397
3.53818e-008 1.59065
3.55818e-008 1.59397
3.57818e-008 1.59729
3.59818e-008 1.59065
3.61818e-008 1.59397
3.63818e-008 1.59065
3.65818e-008 1.59397
3.67818e-008 1.59065
3.69818e-008 1.59065
3.71818e-008 1.59065
3.73818e-008 1.59397
3.75818e-008 1.59397
3.77818e-008 1.59397
3.79818e-008 1.59729
3.81818e-008 1.59397
3.83818e-008 1.59729
3.85818e-008 1.60061
3.87818e-008 1.60061
3.89818e-008 1.59729
3.91818e-008 1.60061
3.93818e-008 1.60061
3.95818e-008 1.59729
3.97818e-008 1.59729
3.99818e-008 1.59729
4.01818e-008 1.60061
4.03818e-008 1.60061
4.05818e-008 1.60061
4.07818e-008 1.59729
4.09818e-008 1.60061
4.11818e-008 1.59729
4.13818e-008 1.60061
4.15818e-008 1.60061
4.17818e-008 1.60061
4.19818e-008 1.60061
4.21818e-008 1.60061
4.23818e-008 1.60061
4.25818e-008 1.60393
4.27818e-008 1.60725
4.29818e-008 1.60725
4.31818e-008 1.60725
4.33818e-008 1.60393
4.35818e-008 1.60725
4.37818e-008 1.60725
4.39818e-008 1.60393
4.41818e-008 1.61057
4.43818e-008 1.60725
4.45818e-008 1.61057
4.47818e-008 1.61057
4.49818e-008 1.61057
4.51818e-008 1.61057
4.53818e-008 1.60725
4.55818e-008 1.61057
4.57818e-008 1.60393
4.59818e-008 1.60725
4.61818e-008 1.60725
4.63818e-008 1.60725
4.65818e-008 1.60725
4.67818e-008 1.60725
4.69818e-008 1.61389
4.71818e-008 1.61389
4.73818e-008 1.60725
4.75818e-008 1.61721
4.77818e-008 1.61389
4.79818e-008 1.61389
4.81818e-008 1.61389
4.83818e-008 1.61057
4.85818e-008 1.61057
4.87818e-008 1.61057
4.89818e-008 1.61057
4.91818e-008 1.61389
4.93818e-008 1.61057
4.95818e-008 1.61389
4.97818e-008 1.61389
4.99818e-008 1.61721
5.01818e-008 1.62053
5.03818e-008 1.61721
5.05818e-008 1.61721
5.07818e-008 1.61721
5.09818e-008 1.62053
5.11818e-008 1.61721
5.13818e-008 1.61721
5.15818e-008 1.61721
5.17818e-008 1.62053
5.19818e-008 1.62053
5.21818e-008 1.62386
5.23818e-008 1.62386
5.25818e-008 1.62053
5.27818e-008 1.62053
5.29818e-008 1.61721
5.31818e-008 1.62386
5.33818e-008 1.62053
5.35818e-008 1.61721
5.37818e-008 1.61721
5.39818e-008 1.62053
5.41818e-008 1.61721
5.43818e-008 1.62053
5.45818e-008 1.61721
5.47818e-008 1.62053
5.49818e-008 1.62386
5.51818e-008 1.62386
5.53818e-008 1.62053
5.55818e-008 1.62053
5.57818e-008 1.62053
5.59818e-008 1.62386
5.61818e-008 1.62718
5.63818e-008 1.62718
5.65818e-008 1.62386
5.67818e-008 1.62718
5.69818e-008 1.62718
5.71818e-008 1.6305
5.73818e-008 1.6305
5.75818e-008 1.62718
5.77818e-008 1.62718
5.79818e-008 1.6305
5.81818e-008 1.6305
5.83818e-008 1.6305
5.85818e-008 1.62718
5.87818e-008 1.6305
5.89818e-008 1.62718
5.91818e-008 1.62718
5.93818e-008 1.6305
5.95818e-008 1.6305
5.97818e-008 1.62718
5.99818e-008 1.62718
6.01818e-008 1.62386
6.03818e-008 1.62718
6.05818e-008 1.62718
6.07818e-008 1.6305
6.09818e-008 1.62386
6.11818e-008 1.62386
6.13818e-008 1.62386
6.15818e-008 1.6305
6.17818e-008 1.62386
6.19818e-008 1.62386
6.21818e-008 1.62386
6.23818e-008 1.62718
6.25818e-008 1.62718
6.27818e-008 1.62386
6.29818e-008 1.62718
6.31818e-008 1.6305
6.33818e-008 1.6305
6.35818e-008 1.63382
6.37818e-008 1.62718
6.39818e-008 1.6305
6.41818e-008 1.62386
6.43818e-008 1.63382
6.45818e-008 1.6305
6.47818e-008 1.63714
6.49818e-008 1.6305
6.51818e-008 1.6305
6.53818e-008 1.6305
6.55818e-008 1.6305
6.57818e-008 1.6305
6.59818e-008 1.6305
6.61818e-008 1.6305
6.63818e-008 1.6305
6.65818e-008 1.62718
6.67818e-008 1.6305
6.69818e-008 1.6305
6.71818e-008 1.6305
6.73818e-008 1.6305
6.75818e-008 1.6305
6.77818e-008 1.6305
6.79818e-008 1.63714
6.81818e-008 1.63382
6.83818e-008 1.6305
6.85818e-008 1.63382
6.87818e-008 1.63382
6.89818e-008 1.63382
6.91818e-008 1.63714
6.93818e-008 1.63714
6.95818e-008 1.63714
6.97818e-008 1.63714
6.99818e-008 1.63382
7.01818e-008 1.63714
7.03818e-008 1.63382
7.05818e-008 1.63714
7.07818e-008 1.63714
7.09818e-008 1.6305
7.11818e-008 1.63382
7.13818e-008 1.63382
7.15818e-008 1.63714
7.17818e-008 1.63382
7.19818e-008 1.64046
7.21818e-008 1.63714
7.23818e-008 1.64046
7.25818e-008 1.64046
7.27818e-008 1.64378
7.29818e-008 1.64046
7.31818e-008 1.63714
7.33818e-008 1.63714
7.35818e-008 1.63714
7.37818e-008 1.63714
7.39818e-008 1.6305
7.41818e-008 1.63714
7.43818e-008 1.64046
7.45818e-008 1.63382
7.47818e-008 1.63382
7.49818e-008 1.63714
7.51818e-008 1.6305
7.53818e-008 1.63714
7.55818e-008 1.63714
7.57818e-008 1.63714
7.59818e-008 1.64046
7.61818e-008 1.63714
7.63818e-008 1.64378
7.65818e-008 1.64046
7.67818e-008 1.64046
7.69818e-008 1.63714
7.71818e-008 1.64046
7.73818e-008 1.64046
7.75818e-008 1.64046
7.77818e-008 1.63714
7.79818e-008 1.64046
7.81818e-008 1.64046
7.83818e-008 1.63714
7.85818e-008 1.64046
7.87818e-008 1.64378
7.89818e-008 1.64046
7.91818e-008 1.64378
7.93818e-008 1.64046
7.95818e-008 1.64378
7.97818e-008 1.63714
7.99818e-008 1.64046
8.01818e-008 1.63714
8.03818e-008 1.63714
8.05818e-008 1.63714
8.07818e-008 1.64046
8.09818e-008 1.63714
8.11818e-008 1.64046
8.13818e-008 1.64046
8.15818e-008 1.64046
8.17818e-008 1.64378
8.19818e-008 1.64378
8.21818e-008 1.64046
8.23818e-008 1.6471
8.25818e-008 1.64046
8.27818e-008 1.63714
8.29818e-008 1.63382
8.31818e-008 1.63382
8.33818e-008 1.63714
8.35818e-008 1.63714
8.37818e-008 1.63714
8.39818e-008 1.63382
8.41818e-008 1.63714
8.43818e-008 1.63714
8.45818e-008 1.63714
8.47818e-008 1.63714
8.49818e-008 1.63714
8.51818e-008 1.63714
8.53818e-008 1.63382
8.55818e-008 1.63382
8.57818e-008 1.63714
8.59818e-008 1.63714
8.61818e-008 1.63382
8.63818e-008 1.6305
8.65818e-008 1.6305
8.67818e-008 1.62718
8.69818e-008 1.62718
8.71818e-008 1.6305
8.73818e-008 1.6305
8.75818e-008 1.6305
8.77818e-008 1.63382
8.79818e-008 1.63382
8.81818e-008 1.63714
8.83818e-008 1.63714
8.85818e-008 1.6305
8.87818e-008 1.63382
8.89818e-008 1.6305
8.91818e-008 1.63382
8.93818e-008 1.6305
8.95818e-008 1.6305
8.97818e-008 1.6305
8.99818e-008 1.6305
9.01818e-008 1.63382
9.03818e-008 1.6305
9.05818e-008 1.62718
9.07818e-008 1.62718
9.09818e-008 1.62718
9.11818e-008 1.62718
9.13818e-008 1.62718
9.15818e-008 1.62718
9.17818e-008 1.62386
9.19818e-008 1.6305
9.21818e-008 1.6305
9.23818e-008 1.63382
9.25818e-008 1.63382
9.27818e-008 1.6305
9.29818e-008 1.62386
9.31818e-008 1.6305
9.33818e-008 1.62718
9.35818e-008 1.6305
9.37818e-008 1.6305
9.39818e-008 1.62718
9.41818e-008 1.62718
9.43818e-008 1.6305
9.45818e-008 1.62718
9.47818e-008 1.6305
9.49818e-008 1.62718
9.51818e-008 1.6305
9.53818e-008 1.62718
9.55818e-008 1.63382
9.57818e-008 1.6305
9.59818e-008 1.6305
9.61818e-008 1.6305
9.63818e-008 1.63382
9.65818e-008 1.6305
9.67818e-008 1.6305
9.69818e-008 1.6305
9.71818e-008 1.6305
9.73818e-008 1.63382
9.75818e-008 1.63382
9.77818e-008 1.63382
9.79818e-008 1.6305
9.81818e-008 1.63382
9.83818e-008 1.63714
9.85818e-008 1.63382
9.87818e-008 1.64046
9.89818e-008 1.63714
9.91818e-008 1.64046
9.93818e-008 1.63714
9.95818e-008 1.63714
9.97818e-008 1.63714
9.99818e-008 1.64046
1.00182e-007 1.63382
1.00382e-007 1.63382
1.00582e-007 1.63382
1.00782e-007 1.6305
1.00982e-007 1.63382
1.01182e-007 1.63382
1.01382e-007 1.63382
1.01582e-007 1.63382
1.01782e-007 1.6305
1.01982e-007 1.6305
1.02182e-007 1.6305
1.02382e-007 1.63714
1.02582e-007 1.6305
1.02782e-007 1.63382
1.02982e-007 1.63382
1.03182e-007 1.63714
1.03382e-007 1.64046
1.03582e-007 1.63382
1.03782e-007 1.63714
1.03982e-007 1.63714
1.04182e-007 1.63714
1.04382e-007 1.64046
1.04582e-007 1.63714
1.04782e-007 1.64378
1.04982e-007 1.63714
1.05182e-007 1.63382
1.05382e-007 1.63714
1.05582e-007 1.64046
1.05782e-007 1.63382
1.05982e-007 1.64046
1.06182e-007 1.63714
1.06382e-007 1.64046
1.06582e-007 1.63714
1.06782e-007 1.64046
1.06982e-007 1.63714
1.07182e-007 1.64046
1.07382e-007 1.63382
1.07582e-007 1.63714
1.07782e-007 1.64046
1.07982e-007 1.64046
1.08182e-007 1.64378
1.08382e-007 1.64046
1.08582e-007 1.63714
1.08782e-007 1.63714
1.08982e-007 1.63382
1.09182e-007 1.64046
1.09382e-007 1.63382
1.09582e-007 1.63382
1.09782e-007 1.64046
1.09982e-007 1.64046
1.10182e-007 1.64046
1.10382e-007 1.63714
1.10582e-007 1.64046
1.10782e-007 1.64046
1.10982e-007 1.63714
1.11182e-007 1.63714
1.11382e-007 1.63714
1.11582e-007 1.63714
1.11782e-007 1.63382
1.11982e-007 1.63382
1.12182e-007 1.63714
1.12382e-007 1.64046
1.12582e-007 1.63714
1.12782e-007 1.63714
1.12982e-007 1.63714
1.13182e-007 1.63714
1.13382e-007 1.63714
1.13582e-007 1.64378
1.13782e-007 1.63714
1.13982e-007 1.64046
1.14182e-007 1.64046
1.14382e-007 1.64378
1.14582e-007 1.64046
1.14782e-007 1.64378
1.14982e-007 1.63714
1.15182e-007 1.63714
1.15382e-007 1.63714
1.15582e-007 1.64378
1.15782e-007 1.63714
1.15982e-007 1.64046
1.16182e-007 1.63714
1.16382e-007 1.63714
1.16582e-007 1.63714
1.16782e-007 1.63382
1.16982e-007 1.63382
1.17182e-007 1.63714
1.17382e-007 1.63714
1.17582e-007 1.64046
1.17782e-007 1.63714
1.17982e-007 1.64046
1.18182e-007 1.64046
1.18382e-007 1.63714
1.18582e-007 1.64046
1.18782e-007 1.64046
1.18982e-007 1.63714
1.19182e-007 1.63714
1.19382e-007 1.64046
1.19582e-007 1.64046
1.19782e-007 1.63714
1.19982e-007 1.63382
1.20182e-007 1.63714
1.20382e-007 1.64378
1.20582e-007 1.63714
1.20782e-007 1.64046
1.20982e-007 1.64046
1.21182e-007 1.64046
1.21382e-007 1.63714
1.21582e-007 1.63714
1.21782e-007 1.64046
1.21982e-007 1.64378
1.22182e-007 1.64046
1.22382e-007 1.64046
1.22582e-007 1.64046
1.22782e-007 1.63714
1.22982e-007 1.63382
1.23182e-007 1.64046
1.23382e-007 1.63714
1.23582e-007 1.64046
1.23782e-007 1.63714
1.23982e-007 1.63714
1.24182e-007 1.63714
1.24382e-007 1.64046
1.24582e-007 1.64046
1.24782e-007 1.64046
1.24982e-007 1.64046
1.25182e-007 1.64378
1.25382e-007 1.64046
1.25582e-007 1.64046
1.25782e-007 1.64046
1.25982e-007 1.64046
1.26182e-007 1.64046
1.26382e-007 1.64046
1.26582e-007 1.64046
1.26782e-007 1.64046
1.26982e-007 1.63714
1.27182e-007 1.63714
1.27382e-007 1.63714
1.27582e-007 1.64378
1.27782e-007 1.64046
1.27982e-007 1.64046
1.28182e-007 1.63714
1.28382e-007 1.64378
1.28582e-007 1.64046
1.28782e-007 1.64046
1.28982e-007 1.63382
1.29182e-007 1.64046
1.29382e-007 1.63714
1.29582e-007 1.64046
1.29782e-007 1.63714
1.29982e-007 1.63714
1.30182e-007 1.63714
1.30382e-007 1.64046
1.30582e-007 1.64046
1.30782e-007 1.64046
1.30982e-007 1.63714
1.31182e-007 1.64046
1.31382e-007 1.64378
1.31582e-007 1.64046
1.31782e-007 1.63714
1.31982e-007 1.63714
1.32182e-007 1.64046
1.32382e-007 1.64046
1.32582e-007 1.64046
1.32782e-007 1.64046
1.32982e-007 1.63714
1.33182e-007 1.64046
1.33382e-007 1.63714
1.33582e-007 1.63714
1.33782e-007 1.64046
1.33982e-007 1.63714
1.34182e-007 1.63714
1.34382e-007 1.63382
1.34582e-007 1.63714
1.34782e-007 1.63714
1.34982e-007 1.63714
1.35182e-007 1.64046
1.35382e-007 1.63714
1.35582e-007 1.64046
1.35782e-007 1.64046
1.35982e-007 1.6471
1.36182e-007 1.63714
1.36382e-007 1.64378
1.36582e-007 1.63714
1.36782e-007 1.64046
1.36982e-007 1.63714
1.37182e-007 1.63714
1.37382e-007 1.63382
1.37582e-007 1.63714
1.37782e-007 1.63714
1.37982e-007 1.63714
1.38182e-007 1.64046
1.38382e-007 1.64046
1.38582e-007 1.63714
1.38782e-007 1.63714
1.38982e-007 1.63714
1.39182e-007 1.64046
1.39382e-007 1.63714
1.39582e-007 1.64378
1.39782e-007 1.64046
1.39982e-007 1.64046
1.40182e-007 1.63714
1.40382e-007 1.64046
1.40582e-007 1.63714
1.40782e-007 1.63714
1.40982e-007 1.63714
1.41182e-007 1.64046
1.41382e-007 1.64046
1.41582e-007 1.64378
1.41782e-007 1.64378
1.41982e-007 1.64046
1.42182e-007 1.64378
1.42382e-007 1.64378
1.42582e-007 1.63714
1.42782e-007 1.64378
1.42982e-007 1.63714
1.43182e-007 1.64046
1.43382e-007 1.63714
1.43582e-007 1.64046
1.43782e-007 1.63714
1.43982e-007 1.64378
1.44182e-007 1.63382
1.44382e-007 1.64046
1.44582e-007 1.63714
1.44782e-007 1.63714
1.44982e-007 1.63382
1.45182e-007 1.64378
1.45382e-007 1.64378
1.45582e-007 1.64378
1.45782e-007 1.64046
1.45982e-007 1.64046
1.46182e-007 1.63714
1.46382e-007 1.63714
1.46582e-007 1.64046
1.46782e-007 1.64378
1.46982e-007 1.63714
1.47182e-007 1.64378
1.47382e-007 1.64378
1.47582e-007 1.64378
1.47782e-007 1.64046
1.47982e-007 1.6471
1.48182e-007 1.64378
1.48382e-007 1.64046
1.48582e-007 1.63714
