LECROYWS44MXs-B 69584 Waveform
Segments 1 SegmentSize 1002
Segment TrigTime TimeSinceSegment1
#1 23-Jun-2015 23:49:57 0                 
Time Ampl
-5.17303e-008 1.64378
-5.15303e-008 1.6471
-5.13303e-008 1.6471
-5.11303e-008 1.65042
-5.09303e-008 1.65042
-5.07303e-008 1.65042
-5.05303e-008 1.65042
-5.03303e-008 1.65042
-5.01303e-008 1.65042
-4.99303e-008 1.6471
-4.97303e-008 1.6471
-4.95303e-008 1.6471
-4.93303e-008 1.6471
-4.91303e-008 1.6471
-4.89303e-008 1.64378
-4.87303e-008 1.6471
-4.85303e-008 1.64378
-4.83303e-008 1.6471
-4.81303e-008 1.64378
-4.79303e-008 1.64378
-4.77303e-008 1.64378
-4.75303e-008 1.6471
-4.73303e-008 1.64378
-4.71303e-008 1.6471
-4.69303e-008 1.6471
-4.67303e-008 1.6471
-4.65303e-008 1.65042
-4.63303e-008 1.65042
-4.61303e-008 1.64378
-4.59303e-008 1.64378
-4.57303e-008 1.6471
-4.55303e-008 1.65042
-4.53303e-008 1.64378
-4.51303e-008 1.6471
-4.49303e-008 1.64378
-4.47303e-008 1.6471
-4.45303e-008 1.64378
-4.43303e-008 1.6471
-4.41303e-008 1.6471
-4.39303e-008 1.6471
-4.37303e-008 1.64378
-4.35303e-008 1.6471
-4.33303e-008 1.64378
-4.31303e-008 1.65042
-4.29303e-008 1.64378
-4.27303e-008 1.65042
-4.25303e-008 1.64378
-4.23303e-008 1.6471
-4.21303e-008 1.6471
-4.19303e-008 1.65042
-4.17303e-008 1.64378
-4.15303e-008 1.65042
-4.13303e-008 1.6471
-4.11303e-008 1.6471
-4.09303e-008 1.64378
-4.07303e-008 1.6471
-4.05303e-008 1.6471
-4.03303e-008 1.6471
-4.01303e-008 1.65042
-3.99303e-008 1.65042
-3.97303e-008 1.64378
-3.95303e-008 1.6471
-3.93303e-008 1.64378
-3.91303e-008 1.6471
-3.89303e-008 1.64378
-3.87303e-008 1.64378
-3.85303e-008 1.64378
-3.83303e-008 1.64378
-3.81303e-008 1.64378
-3.79303e-008 1.65042
-3.77303e-008 1.6471
-3.75303e-008 1.6471
-3.73303e-008 1.64378
-3.71303e-008 1.6471
-3.69303e-008 1.64378
-3.67303e-008 1.65042
-3.65303e-008 1.6471
-3.63303e-008 1.6471
-3.61303e-008 1.6471
-3.59303e-008 1.65042
-3.57303e-008 1.64378
-3.55303e-008 1.6471
-3.53303e-008 1.6471
-3.51303e-008 1.6471
-3.49303e-008 1.6471
-3.47303e-008 1.64378
-3.45303e-008 1.64378
-3.43303e-008 1.6471
-3.41303e-008 1.64378
-3.39303e-008 1.6471
-3.37303e-008 1.64378
-3.35303e-008 1.65042
-3.33303e-008 1.6471
-3.31303e-008 1.65042
-3.29303e-008 1.6471
-3.27303e-008 1.6471
-3.25303e-008 1.64378
-3.23303e-008 1.6471
-3.21303e-008 1.64378
-3.19303e-008 1.6471
-3.17303e-008 1.64378
-3.15303e-008 1.6471
-3.13303e-008 1.6471
-3.11303e-008 1.64378
-3.09303e-008 1.64378
-3.07303e-008 1.65042
-3.05303e-008 1.65042
-3.03303e-008 1.65042
-3.01303e-008 1.6471
-2.99303e-008 1.65374
-2.97303e-008 1.65042
-2.95303e-008 1.65042
-2.93303e-008 1.65042
-2.91303e-008 1.64378
-2.89303e-008 1.6471
-2.87303e-008 1.65042
-2.85303e-008 1.64378
-2.83303e-008 1.6471
-2.81303e-008 1.64378
-2.79303e-008 1.6471
-2.77303e-008 1.64378
-2.75303e-008 1.6471
-2.73303e-008 1.64378
-2.71303e-008 1.65042
-2.69303e-008 1.64378
-2.67303e-008 1.64378
-2.65303e-008 1.6471
-2.63303e-008 1.6471
-2.61303e-008 1.65042
-2.59303e-008 1.6471
-2.57303e-008 1.64378
-2.55303e-008 1.6471
-2.53303e-008 1.64378
-2.51303e-008 1.65042
-2.49303e-008 1.6471
-2.47303e-008 1.6471
-2.45303e-008 1.64378
-2.43303e-008 1.65042
-2.41303e-008 1.6471
-2.39303e-008 1.6471
-2.37303e-008 1.6471
-2.35303e-008 1.6471
-2.33303e-008 1.6471
-2.31303e-008 1.65042
-2.29303e-008 1.6471
-2.27303e-008 1.6471
-2.25303e-008 1.65042
-2.23303e-008 1.65042
-2.21303e-008 1.65042
-2.19303e-008 1.64378
-2.17303e-008 1.64378
-2.15303e-008 1.6471
-2.13303e-008 1.64378
-2.11303e-008 1.6471
-2.09303e-008 1.6471
-2.07303e-008 1.6471
-2.05303e-008 1.6471
-2.03303e-008 1.6471
-2.01303e-008 1.64378
-1.99303e-008 1.6471
-1.97303e-008 1.65042
-1.95303e-008 1.65042
-1.93303e-008 1.65042
-1.91303e-008 1.65042
-1.89303e-008 1.64378
-1.87303e-008 1.6471
-1.85303e-008 1.64378
-1.83303e-008 1.6471
-1.81303e-008 1.64378
-1.79303e-008 1.6471
-1.77303e-008 1.64378
-1.75303e-008 1.6471
-1.73303e-008 1.64378
-1.71303e-008 1.6471
-1.69303e-008 1.6471
-1.67303e-008 1.6471
-1.65303e-008 1.64378
-1.63303e-008 1.64378
-1.61303e-008 1.64378
-1.59303e-008 1.6471
-1.57303e-008 1.64378
-1.55303e-008 1.6471
-1.53303e-008 1.64378
-1.51303e-008 1.64378
-1.49303e-008 1.65042
-1.47303e-008 1.6471
-1.45303e-008 1.6471
-1.43303e-008 1.6471
-1.41303e-008 1.65042
-1.39303e-008 1.65042
-1.37303e-008 1.64378
-1.35303e-008 1.6471
-1.33303e-008 1.64378
-1.31303e-008 1.6471
-1.29303e-008 1.6471
-1.27303e-008 1.6471
-1.25303e-008 1.6471
-1.23303e-008 1.65042
-1.21303e-008 1.6471
-1.19303e-008 1.6471
-1.17303e-008 1.6471
-1.15303e-008 1.65042
-1.13303e-008 1.6471
-1.11303e-008 1.65042
-1.09303e-008 1.6471
-1.07303e-008 1.65042
-1.05303e-008 1.64378
-1.03303e-008 1.65042
-1.01303e-008 1.64378
-9.93029e-009 1.6471
-9.73029e-009 1.64378
-9.53029e-009 1.64378
-9.33029e-009 1.64378
-9.13029e-009 1.6471
-8.93029e-009 1.64378
-8.73029e-009 1.65042
-8.53029e-009 1.64378
-8.33029e-009 1.65042
-8.13029e-009 1.65042
-7.93029e-009 1.6471
-7.73029e-009 1.65042
-7.53029e-009 1.65042
-7.33029e-009 1.65042
-7.13029e-009 1.65042
-6.93029e-009 1.65042
-6.73029e-009 1.65374
-6.53029e-009 1.65374
-6.33029e-009 1.65374
-6.13029e-009 1.65374
-5.93029e-009 1.66039
-5.73029e-009 1.66039
-5.53029e-009 1.66371
-5.33029e-009 1.66371
-5.13029e-009 1.66703
-4.93029e-009 1.67035
-4.73029e-009 1.67035
-4.53029e-009 1.67699
-4.33029e-009 1.68031
-4.13029e-009 1.68363
-3.93029e-009 1.69027
-3.73029e-009 1.69692
-3.53029e-009 1.70024
-3.33029e-009 1.70356
-3.13029e-009 1.71352
-2.93029e-009 1.71684
-2.73029e-009 1.7268
-2.53029e-009 1.73677
-2.33029e-009 1.73677
-2.13029e-009 1.75005
-1.93029e-009 1.75669
-1.73029e-009 1.76333
-1.53029e-009 1.76666
-1.33029e-009 1.76998
-1.13029e-009 1.77994
-9.30294e-010 1.78326
-7.30294e-010 1.79322
-5.30294e-010 1.79987
-3.30294e-010 1.80651
-1.30294e-010 1.80983
6.97063e-011 1.82311
2.69706e-010 1.83307
4.69706e-010 1.8364
6.69706e-010 1.83972
8.69706e-010 1.853
1.06971e-009 1.86296
1.26971e-009 1.8696
1.46971e-009 1.87625
1.66971e-009 1.88289
1.86971e-009 1.88953
2.06971e-009 1.89617
2.26971e-009 1.89949
2.46971e-009 1.90946
2.66971e-009 1.91942
2.86971e-009 1.92274
3.06971e-009 1.92938
3.26971e-009 1.92938
3.46971e-009 1.9327
3.66971e-009 1.9327
3.86971e-009 1.93934
4.06971e-009 1.94267
4.26971e-009 1.94931
4.46971e-009 1.94931
4.66971e-009 1.95263
4.86971e-009 1.94931
5.06971e-009 1.95595
5.26971e-009 1.95927
5.46971e-009 1.95927
5.66971e-009 1.96259
5.86971e-009 1.96591
6.06971e-009 1.96591
6.26971e-009 1.96923
6.46971e-009 1.96591
6.66971e-009 1.97587
6.86971e-009 1.96923
7.06971e-009 1.97255
7.26971e-009 1.97255
7.46971e-009 1.96923
7.66971e-009 1.96591
7.86971e-009 1.97255
8.06971e-009 1.96591
8.26971e-009 1.96259
8.46971e-009 1.95927
8.66971e-009 1.95927
8.86971e-009 1.95595
9.06971e-009 1.95595
9.26971e-009 1.94931
9.46971e-009 1.94931
9.66971e-009 1.94267
9.86971e-009 1.94267
1.00697e-008 1.93934
1.02697e-008 1.94267
1.04697e-008 1.93602
1.06697e-008 1.93602
1.08697e-008 1.92938
1.10697e-008 1.92606
1.12697e-008 1.92274
1.14697e-008 1.92274
1.16697e-008 1.9161
1.18697e-008 1.9161
1.20697e-008 1.91278
1.22697e-008 1.90281
1.24697e-008 1.89949
1.26697e-008 1.89285
1.28697e-008 1.88953
1.30697e-008 1.88289
1.32697e-008 1.87957
1.34697e-008 1.87625
1.36697e-008 1.87293
1.38697e-008 1.87293
1.40697e-008 1.86628
1.42697e-008 1.86628
1.44697e-008 1.85964
1.46697e-008 1.853
1.48697e-008 1.84968
1.50697e-008 1.84636
1.52697e-008 1.84636
1.54697e-008 1.84304
1.56697e-008 1.8364
1.58697e-008 1.83307
1.60697e-008 1.82975
1.62697e-008 1.82643
1.64697e-008 1.81647
1.66697e-008 1.81647
1.68697e-008 1.81315
1.70697e-008 1.80651
1.72697e-008 1.80651
1.74697e-008 1.80319
1.76697e-008 1.79987
1.78697e-008 1.79654
1.80697e-008 1.79322
1.82697e-008 1.78658
1.84697e-008 1.78326
1.86697e-008 1.78326
1.88697e-008 1.77994
1.90697e-008 1.77662
1.92697e-008 1.7733
1.94697e-008 1.76666
1.96697e-008 1.76333
1.98697e-008 1.75669
2.00697e-008 1.76333
2.02697e-008 1.75005
2.04697e-008 1.75337
2.06697e-008 1.75005
2.08697e-008 1.74341
2.10697e-008 1.74341
2.12697e-008 1.74341
2.14697e-008 1.73677
2.16697e-008 1.73013
2.18697e-008 1.73013
2.20697e-008 1.7268
2.22697e-008 1.72016
2.24697e-008 1.72016
2.26697e-008 1.71684
2.28697e-008 1.71684
2.30697e-008 1.71684
2.32697e-008 1.71684
2.34697e-008 1.7102
2.36697e-008 1.71352
2.38697e-008 1.70688
2.40697e-008 1.70356
2.42697e-008 1.70356
2.44697e-008 1.70356
2.46697e-008 1.70356
2.48697e-008 1.70024
2.50697e-008 1.70356
2.52697e-008 1.69692
2.54697e-008 1.69692
2.56697e-008 1.69692
2.58697e-008 1.6936
2.60697e-008 1.69692
2.62697e-008 1.68695
2.64697e-008 1.68695
2.66697e-008 1.68363
2.68697e-008 1.68363
2.70697e-008 1.68363
2.72697e-008 1.68031
2.74697e-008 1.67699
2.76697e-008 1.67699
2.78697e-008 1.67367
2.80697e-008 1.67367
2.82697e-008 1.67367
2.84697e-008 1.67367
2.86697e-008 1.67367
2.88697e-008 1.67699
2.90697e-008 1.67699
2.92697e-008 1.67367
2.94697e-008 1.67035
2.96697e-008 1.67035
2.98697e-008 1.67367
3.00697e-008 1.67035
3.02697e-008 1.66703
3.04697e-008 1.66703
3.06697e-008 1.66703
3.08697e-008 1.66703
3.10697e-008 1.66703
3.12697e-008 1.66039
3.14697e-008 1.66371
3.16697e-008 1.66039
3.18697e-008 1.65706
3.20697e-008 1.65706
3.22697e-008 1.66039
3.24697e-008 1.65706
3.26697e-008 1.65706
3.28697e-008 1.66039
3.30697e-008 1.65706
3.32697e-008 1.65706
3.34697e-008 1.65374
3.36697e-008 1.65706
3.38697e-008 1.66039
3.40697e-008 1.66039
3.42697e-008 1.65706
3.44697e-008 1.66039
3.46697e-008 1.66039
3.48697e-008 1.65706
3.50697e-008 1.65706
3.52697e-008 1.65374
3.54697e-008 1.65706
3.56697e-008 1.65042
3.58697e-008 1.65374
3.60697e-008 1.65706
3.62697e-008 1.65042
3.64697e-008 1.65042
3.66697e-008 1.65042
3.68697e-008 1.65374
3.70697e-008 1.65042
3.72697e-008 1.65042
3.74697e-008 1.65042
3.76697e-008 1.65042
3.78697e-008 1.65374
3.80697e-008 1.65374
3.82697e-008 1.65374
3.84697e-008 1.65042
3.86697e-008 1.65042
3.88697e-008 1.65042
3.90697e-008 1.6471
3.92697e-008 1.65042
3.94697e-008 1.65042
3.96697e-008 1.65042
3.98697e-008 1.6471
4.00697e-008 1.65374
4.02697e-008 1.65042
4.04697e-008 1.65374
4.06697e-008 1.65042
4.08697e-008 1.65706
4.10697e-008 1.65374
4.12697e-008 1.65374
4.14697e-008 1.65374
4.16697e-008 1.65374
4.18697e-008 1.65374
4.20697e-008 1.65042
4.22697e-008 1.65374
4.24697e-008 1.65374
4.26697e-008 1.65042
4.28697e-008 1.65042
4.30697e-008 1.65042
4.32697e-008 1.65042
4.34697e-008 1.6471
4.36697e-008 1.6471
4.38697e-008 1.64378
4.40697e-008 1.6471
4.42697e-008 1.65042
4.44697e-008 1.65374
4.46697e-008 1.65374
4.48697e-008 1.65374
4.50697e-008 1.65042
4.52697e-008 1.65706
4.54697e-008 1.65706
4.56697e-008 1.65374
4.58697e-008 1.65706
4.60697e-008 1.65706
4.62697e-008 1.65042
4.64697e-008 1.65374
4.66697e-008 1.65042
4.68697e-008 1.65042
4.70697e-008 1.65042
4.72697e-008 1.65374
4.74697e-008 1.65374
4.76697e-008 1.65042
4.78697e-008 1.65042
4.80697e-008 1.65042
4.82697e-008 1.65706
4.84697e-008 1.65042
4.86697e-008 1.65042
4.88697e-008 1.65374
4.90697e-008 1.65374
4.92697e-008 1.65374
4.94697e-008 1.65042
4.96697e-008 1.65374
4.98697e-008 1.65374
5.00697e-008 1.65706
5.02697e-008 1.66039
5.04697e-008 1.65706
5.06697e-008 1.65706
5.08697e-008 1.65374
5.10697e-008 1.65374
5.12697e-008 1.65042
5.14697e-008 1.65042
5.16697e-008 1.65042
5.18697e-008 1.65042
5.20697e-008 1.65042
5.22697e-008 1.65042
5.24697e-008 1.65042
5.26697e-008 1.65042
5.28697e-008 1.65042
5.30697e-008 1.65374
5.32697e-008 1.65706
5.34697e-008 1.65042
5.36697e-008 1.65374
5.38697e-008 1.65042
5.40697e-008 1.65374
5.42697e-008 1.65042
5.44697e-008 1.65374
5.46697e-008 1.65042
5.48697e-008 1.65374
5.50697e-008 1.65374
5.52697e-008 1.65374
5.54697e-008 1.65042
5.56697e-008 1.65042
5.58697e-008 1.65706
5.60697e-008 1.65706
5.62697e-008 1.65374
5.64697e-008 1.65374
5.66697e-008 1.65374
5.68697e-008 1.65706
5.70697e-008 1.65042
5.72697e-008 1.65374
5.74697e-008 1.65042
5.76697e-008 1.65042
5.78697e-008 1.65042
5.80697e-008 1.65042
5.82697e-008 1.65042
5.84697e-008 1.65042
5.86697e-008 1.6471
5.88697e-008 1.6471
5.90697e-008 1.65042
5.92697e-008 1.6471
5.94697e-008 1.6471
5.96697e-008 1.65042
5.98697e-008 1.65042
6.00697e-008 1.65042
6.02697e-008 1.6471
6.04697e-008 1.65042
6.06697e-008 1.65042
6.08697e-008 1.65042
6.10697e-008 1.65042
6.12697e-008 1.65374
6.14697e-008 1.65706
6.16697e-008 1.65374
6.18697e-008 1.65042
6.20697e-008 1.65042
6.22697e-008 1.65042
6.24697e-008 1.6471
6.26697e-008 1.6471
6.28697e-008 1.65374
6.30697e-008 1.65042
6.32697e-008 1.65042
6.34697e-008 1.65042
6.36697e-008 1.65042
6.38697e-008 1.65042
6.40697e-008 1.65042
6.42697e-008 1.65042
6.44697e-008 1.65374
6.46697e-008 1.6471
6.48697e-008 1.65374
6.50697e-008 1.65042
6.52697e-008 1.65374
6.54697e-008 1.65042
6.56697e-008 1.65706
6.58697e-008 1.65042
6.60697e-008 1.65042
6.62697e-008 1.65042
6.64697e-008 1.65042
6.66697e-008 1.6471
6.68697e-008 1.65042
6.70697e-008 1.6471
6.72697e-008 1.6471
6.74697e-008 1.64046
6.76697e-008 1.65042
6.78697e-008 1.64378
6.80697e-008 1.6471
6.82697e-008 1.6471
6.84697e-008 1.6471
6.86697e-008 1.65042
6.88697e-008 1.65042
6.90697e-008 1.65042
6.92697e-008 1.65706
6.94697e-008 1.65374
6.96697e-008 1.65706
6.98697e-008 1.65042
7.00697e-008 1.65042
7.02697e-008 1.65042
7.04697e-008 1.65042
7.06697e-008 1.65374
7.08697e-008 1.65042
7.10697e-008 1.65042
7.12697e-008 1.65374
7.14697e-008 1.65042
7.16697e-008 1.65706
7.18697e-008 1.65042
7.20697e-008 1.65706
7.22697e-008 1.65374
7.24697e-008 1.65706
7.26697e-008 1.65042
7.28697e-008 1.65042
7.30697e-008 1.65042
7.32697e-008 1.65042
7.34697e-008 1.65042
7.36697e-008 1.6471
7.38697e-008 1.65042
7.40697e-008 1.65706
7.42697e-008 1.65042
7.44697e-008 1.65374
7.46697e-008 1.65374
7.48697e-008 1.65706
7.50697e-008 1.65374
7.52697e-008 1.65706
7.54697e-008 1.65706
7.56697e-008 1.65374
7.58697e-008 1.65706
7.60697e-008 1.65374
7.62697e-008 1.65706
7.64697e-008 1.65706
7.66697e-008 1.65374
7.68697e-008 1.65706
7.70697e-008 1.65374
7.72697e-008 1.65374
7.74697e-008 1.65374
7.76697e-008 1.65706
7.78697e-008 1.65042
7.80697e-008 1.65374
7.82697e-008 1.65706
7.84697e-008 1.65706
7.86697e-008 1.65374
7.88697e-008 1.65706
7.90697e-008 1.65374
7.92697e-008 1.65706
7.94697e-008 1.65706
7.96697e-008 1.65374
7.98697e-008 1.65706
8.00697e-008 1.65374
8.02697e-008 1.65374
8.04697e-008 1.65374
8.06697e-008 1.65374
8.08697e-008 1.65374
8.10697e-008 1.65706
8.12697e-008 1.65374
8.14697e-008 1.65706
8.16697e-008 1.65706
8.18697e-008 1.65374
8.20697e-008 1.65706
8.22697e-008 1.65374
8.24697e-008 1.65706
8.26697e-008 1.6471
8.28697e-008 1.6471
8.30697e-008 1.6471
8.32697e-008 1.65374
8.34697e-008 1.65042
8.36697e-008 1.65374
8.38697e-008 1.65374
8.40697e-008 1.65042
8.42697e-008 1.65042
8.44697e-008 1.65042
8.46697e-008 1.65042
8.48697e-008 1.65042
8.50697e-008 1.65042
8.52697e-008 1.65042
8.54697e-008 1.6471
8.56697e-008 1.65042
8.58697e-008 1.65042
8.60697e-008 1.65042
8.62697e-008 1.65042
8.64697e-008 1.65042
8.66697e-008 1.64378
8.68697e-008 1.6471
8.70697e-008 1.6471
8.72697e-008 1.64378
8.74697e-008 1.65042
8.76697e-008 1.6471
8.78697e-008 1.64378
8.80697e-008 1.64378
8.82697e-008 1.64378
8.84697e-008 1.6471
8.86697e-008 1.64378
8.88697e-008 1.6471
8.90697e-008 1.64378
8.92697e-008 1.65042
8.94697e-008 1.64378
8.96697e-008 1.6471
8.98697e-008 1.6471
9.00697e-008 1.64378
9.02697e-008 1.64378
9.04697e-008 1.6471
9.06697e-008 1.64378
9.08697e-008 1.64378
9.10697e-008 1.6471
9.12697e-008 1.6471
9.14697e-008 1.64378
9.16697e-008 1.64378
9.18697e-008 1.64378
9.20697e-008 1.6471
9.22697e-008 1.64046
9.24697e-008 1.64378
9.26697e-008 1.64046
9.28697e-008 1.64046
9.30697e-008 1.64046
9.32697e-008 1.64378
9.34697e-008 1.6471
9.36697e-008 1.64378
9.38697e-008 1.64378
9.40697e-008 1.6471
9.42697e-008 1.64378
9.44697e-008 1.64378
9.46697e-008 1.64046
9.48697e-008 1.64046
9.50697e-008 1.64378
9.52697e-008 1.64378
9.54697e-008 1.64378
9.56697e-008 1.64046
9.58697e-008 1.64378
9.60697e-008 1.64378
9.62697e-008 1.64046
9.64697e-008 1.6471
9.66697e-008 1.64378
9.68697e-008 1.64378
9.70697e-008 1.64378
9.72697e-008 1.64046
9.74697e-008 1.64046
9.76697e-008 1.6471
9.78697e-008 1.64378
9.80697e-008 1.6471
9.82697e-008 1.64378
9.84697e-008 1.64378
9.86697e-008 1.64378
9.88697e-008 1.6471
9.90697e-008 1.64378
9.92697e-008 1.64378
9.94697e-008 1.64378
9.96697e-008 1.64378
9.98697e-008 1.64378
1.0007e-007 1.64378
1.0027e-007 1.64378
1.0047e-007 1.64378
1.0067e-007 1.64046
1.0087e-007 1.64378
1.0107e-007 1.64378
1.0127e-007 1.64378
1.0147e-007 1.64046
1.0167e-007 1.6471
1.0187e-007 1.64378
1.0207e-007 1.64378
1.0227e-007 1.65042
1.0247e-007 1.65042
1.0267e-007 1.64378
1.0287e-007 1.6471
1.0307e-007 1.64378
1.0327e-007 1.64378
1.0347e-007 1.64046
1.0367e-007 1.64046
1.0387e-007 1.64046
1.0407e-007 1.64046
1.0427e-007 1.64046
1.0447e-007 1.6471
1.0467e-007 1.64378
1.0487e-007 1.64378
1.0507e-007 1.64378
1.0527e-007 1.64378
1.0547e-007 1.64378
1.0567e-007 1.64378
1.0587e-007 1.64378
1.0607e-007 1.6471
1.0627e-007 1.64046
1.0647e-007 1.64378
1.0667e-007 1.64378
1.0687e-007 1.64378
1.0707e-007 1.63714
1.0727e-007 1.6471
1.0747e-007 1.6471
1.0767e-007 1.6471
1.0787e-007 1.64378
1.0807e-007 1.64378
1.0827e-007 1.64378
1.0847e-007 1.6471
1.0867e-007 1.64378
1.0887e-007 1.64046
1.0907e-007 1.64378
1.0927e-007 1.64378
1.0947e-007 1.6471
1.0967e-007 1.64378
1.0987e-007 1.64378
1.1007e-007 1.64378
1.1027e-007 1.64046
1.1047e-007 1.64378
1.1067e-007 1.64046
1.1087e-007 1.64378
1.1107e-007 1.63714
1.1127e-007 1.64046
1.1147e-007 1.64046
1.1167e-007 1.64378
1.1187e-007 1.64378
1.1207e-007 1.6471
1.1227e-007 1.64378
1.1247e-007 1.6471
1.1267e-007 1.6471
1.1287e-007 1.64378
1.1307e-007 1.6471
1.1327e-007 1.65042
1.1347e-007 1.64378
1.1367e-007 1.6471
1.1387e-007 1.64378
1.1407e-007 1.64378
1.1427e-007 1.64046
1.1447e-007 1.64046
1.1467e-007 1.64378
1.1487e-007 1.6471
1.1507e-007 1.64378
1.1527e-007 1.6471
1.1547e-007 1.64046
1.1567e-007 1.6471
1.1587e-007 1.65042
1.1607e-007 1.6471
1.1627e-007 1.6471
1.1647e-007 1.6471
1.1667e-007 1.6471
1.1687e-007 1.6471
1.1707e-007 1.64378
1.1727e-007 1.64378
1.1747e-007 1.64378
1.1767e-007 1.65042
1.1787e-007 1.64378
1.1807e-007 1.65042
1.1827e-007 1.6471
1.1847e-007 1.6471
1.1867e-007 1.64378
1.1887e-007 1.64378
1.1907e-007 1.6471
1.1927e-007 1.6471
1.1947e-007 1.64378
1.1967e-007 1.6471
1.1987e-007 1.64378
1.2007e-007 1.6471
1.2027e-007 1.64046
1.2047e-007 1.64378
1.2067e-007 1.64378
1.2087e-007 1.64378
1.2107e-007 1.64378
1.2127e-007 1.64046
1.2147e-007 1.64378
1.2167e-007 1.6471
1.2187e-007 1.6471
1.2207e-007 1.65042
1.2227e-007 1.65042
1.2247e-007 1.6471
1.2267e-007 1.65042
1.2287e-007 1.6471
1.2307e-007 1.64378
1.2327e-007 1.64378
1.2347e-007 1.64378
1.2367e-007 1.64378
1.2387e-007 1.64378
1.2407e-007 1.6471
1.2427e-007 1.6471
1.2447e-007 1.64378
1.2467e-007 1.64378
1.2487e-007 1.6471
1.2507e-007 1.64378
1.2527e-007 1.64378
1.2547e-007 1.64378
1.2567e-007 1.6471
1.2587e-007 1.64378
1.2607e-007 1.65042
1.2627e-007 1.64378
1.2647e-007 1.6471
1.2667e-007 1.65042
1.2687e-007 1.6471
1.2707e-007 1.64378
1.2727e-007 1.6471
1.2747e-007 1.64378
1.2767e-007 1.6471
1.2787e-007 1.6471
1.2807e-007 1.65042
1.2827e-007 1.6471
1.2847e-007 1.65042
1.2867e-007 1.6471
1.2887e-007 1.64378
1.2907e-007 1.64378
1.2927e-007 1.6471
1.2947e-007 1.65042
1.2967e-007 1.64378
1.2987e-007 1.64378
1.3007e-007 1.6471
1.3027e-007 1.6471
1.3047e-007 1.6471
1.3067e-007 1.64378
1.3087e-007 1.6471
1.3107e-007 1.64378
1.3127e-007 1.64378
1.3147e-007 1.64378
1.3167e-007 1.6471
1.3187e-007 1.64378
1.3207e-007 1.6471
1.3227e-007 1.64378
1.3247e-007 1.64378
1.3267e-007 1.64378
1.3287e-007 1.6471
1.3307e-007 1.64378
1.3327e-007 1.6471
1.3347e-007 1.64378
1.3367e-007 1.64378
1.3387e-007 1.64046
1.3407e-007 1.64378
1.3427e-007 1.64046
1.3447e-007 1.6471
1.3467e-007 1.64046
1.3487e-007 1.64378
1.3507e-007 1.64378
1.3527e-007 1.6471
1.3547e-007 1.64378
1.3567e-007 1.64378
1.3587e-007 1.64046
1.3607e-007 1.6471
1.3627e-007 1.64046
1.3647e-007 1.6471
1.3667e-007 1.64378
1.3687e-007 1.64378
1.3707e-007 1.64378
1.3727e-007 1.65042
1.3747e-007 1.65042
1.3767e-007 1.6471
1.3787e-007 1.64378
1.3807e-007 1.6471
1.3827e-007 1.64046
1.3847e-007 1.6471
1.3867e-007 1.64378
1.3887e-007 1.64046
1.3907e-007 1.64046
1.3927e-007 1.64378
1.3947e-007 1.64046
1.3967e-007 1.6471
1.3987e-007 1.6471
1.4007e-007 1.64378
1.4027e-007 1.64378
1.4047e-007 1.6471
1.4067e-007 1.64378
1.4087e-007 1.64378
1.4107e-007 1.64378
1.4127e-007 1.64378
1.4147e-007 1.6471
1.4167e-007 1.6471
1.4187e-007 1.64378
1.4207e-007 1.6471
1.4227e-007 1.64046
1.4247e-007 1.64378
1.4267e-007 1.64046
1.4287e-007 1.6471
1.4307e-007 1.64378
1.4327e-007 1.6471
1.4347e-007 1.6471
1.4367e-007 1.65042
1.4387e-007 1.6471
1.4407e-007 1.65042
1.4427e-007 1.6471
1.4447e-007 1.65042
1.4467e-007 1.64378
1.4487e-007 1.64378
1.4507e-007 1.64378
1.4527e-007 1.6471
1.4547e-007 1.64378
1.4567e-007 1.64378
1.4587e-007 1.64046
1.4607e-007 1.64378
1.4627e-007 1.64378
1.4647e-007 1.65042
1.4667e-007 1.64378
1.4687e-007 1.64378
1.4707e-007 1.64046
1.4727e-007 1.64378
1.4747e-007 1.64046
1.4767e-007 1.64378
1.4787e-007 1.64378
1.4807e-007 1.6471
1.4827e-007 1.6471
1.4847e-007 1.6471
