LECROYWS44MXs-B 69584 Waveform
Segments 1 SegmentSize 1002
Segment TrigTime TimeSinceSegment1
#1 24-Jun-2015 00:31:21 0                 
Time Ampl
-5.16434e-008 1.65042
-5.14434e-008 1.64378
-5.12434e-008 1.65042
-5.10434e-008 1.6471
-5.08434e-008 1.65042
-5.06434e-008 1.65042
-5.04434e-008 1.6471
-5.02434e-008 1.6471
-5.00434e-008 1.65042
-4.98434e-008 1.6471
-4.96434e-008 1.65374
-4.94434e-008 1.65042
-4.92434e-008 1.65042
-4.90434e-008 1.65042
-4.88434e-008 1.65374
-4.86434e-008 1.65042
-4.84434e-008 1.65042
-4.82434e-008 1.6471
-4.80434e-008 1.6471
-4.78434e-008 1.6471
-4.76434e-008 1.65042
-4.74434e-008 1.64378
-4.72434e-008 1.6471
-4.70434e-008 1.65042
-4.68434e-008 1.6471
-4.66434e-008 1.6471
-4.64434e-008 1.6471
-4.62434e-008 1.6471
-4.60434e-008 1.65042
-4.58434e-008 1.6471
-4.56434e-008 1.6471
-4.54434e-008 1.6471
-4.52434e-008 1.64378
-4.50434e-008 1.64378
-4.48434e-008 1.6471
-4.46434e-008 1.6471
-4.44434e-008 1.6471
-4.42434e-008 1.6471
-4.40434e-008 1.65042
-4.38434e-008 1.65042
-4.36434e-008 1.65374
-4.34434e-008 1.65042
-4.32434e-008 1.65374
-4.30434e-008 1.65374
-4.28434e-008 1.65374
-4.26434e-008 1.65042
-4.24434e-008 1.65042
-4.22434e-008 1.65042
-4.20434e-008 1.65042
-4.18434e-008 1.6471
-4.16434e-008 1.6471
-4.14434e-008 1.64378
-4.12434e-008 1.6471
-4.10434e-008 1.64378
-4.08434e-008 1.6471
-4.06434e-008 1.6471
-4.04434e-008 1.65042
-4.02434e-008 1.65042
-4.00434e-008 1.6471
-3.98434e-008 1.64378
-3.96434e-008 1.64378
-3.94434e-008 1.64378
-3.92434e-008 1.6471
-3.90434e-008 1.65042
-3.88434e-008 1.6471
-3.86434e-008 1.64378
-3.84434e-008 1.64378
-3.82434e-008 1.64378
-3.80434e-008 1.6471
-3.78434e-008 1.64378
-3.76434e-008 1.6471
-3.74434e-008 1.64378
-3.72434e-008 1.6471
-3.70434e-008 1.64378
-3.68434e-008 1.65042
-3.66434e-008 1.6471
-3.64434e-008 1.65042
-3.62434e-008 1.64378
-3.60434e-008 1.65374
-3.58434e-008 1.6471
-3.56434e-008 1.65042
-3.54434e-008 1.64378
-3.52434e-008 1.6471
-3.50434e-008 1.6471
-3.48434e-008 1.6471
-3.46434e-008 1.6471
-3.44434e-008 1.6471
-3.42434e-008 1.64378
-3.40434e-008 1.6471
-3.38434e-008 1.64378
-3.36434e-008 1.6471
-3.34434e-008 1.65042
-3.32434e-008 1.64378
-3.30434e-008 1.65042
-3.28434e-008 1.65042
-3.26434e-008 1.6471
-3.24434e-008 1.6471
-3.22434e-008 1.65042
-3.20434e-008 1.65042
-3.18434e-008 1.6471
-3.16434e-008 1.6471
-3.14434e-008 1.64378
-3.12434e-008 1.64378
-3.10434e-008 1.64378
-3.08434e-008 1.6471
-3.06434e-008 1.64378
-3.04434e-008 1.6471
-3.02434e-008 1.6471
-3.00434e-008 1.6471
-2.98434e-008 1.64378
-2.96434e-008 1.6471
-2.94434e-008 1.64378
-2.92434e-008 1.6471
-2.90434e-008 1.6471
-2.88434e-008 1.65042
-2.86434e-008 1.65042
-2.84434e-008 1.65042
-2.82434e-008 1.65042
-2.80434e-008 1.65042
-2.78434e-008 1.6471
-2.76434e-008 1.65374
-2.74434e-008 1.65042
-2.72434e-008 1.65042
-2.70434e-008 1.6471
-2.68434e-008 1.65042
-2.66434e-008 1.65042
-2.64434e-008 1.65042
-2.62434e-008 1.65042
-2.60434e-008 1.65042
-2.58434e-008 1.6471
-2.56434e-008 1.65042
-2.54434e-008 1.6471
-2.52434e-008 1.6471
-2.50434e-008 1.64046
-2.48434e-008 1.65042
-2.46434e-008 1.6471
-2.44434e-008 1.6471
-2.42434e-008 1.65042
-2.40434e-008 1.65042
-2.38434e-008 1.6471
-2.36434e-008 1.64378
-2.34434e-008 1.64378
-2.32434e-008 1.6471
-2.30434e-008 1.6471
-2.28434e-008 1.65374
-2.26434e-008 1.6471
-2.24434e-008 1.65042
-2.22434e-008 1.65042
-2.20434e-008 1.65042
-2.18434e-008 1.65042
-2.16434e-008 1.65042
-2.14434e-008 1.6471
-2.12434e-008 1.6471
-2.10434e-008 1.6471
-2.08434e-008 1.6471
-2.06434e-008 1.65042
-2.04434e-008 1.64378
-2.02434e-008 1.64378
-2.00434e-008 1.6471
-1.98434e-008 1.64378
-1.96434e-008 1.6471
-1.94434e-008 1.6471
-1.92434e-008 1.6471
-1.90434e-008 1.64378
-1.88434e-008 1.6471
-1.86434e-008 1.64378
-1.84434e-008 1.6471
-1.82434e-008 1.6471
-1.80434e-008 1.6471
-1.78434e-008 1.64378
-1.76434e-008 1.6471
-1.74434e-008 1.64378
-1.72434e-008 1.65042
-1.70434e-008 1.64378
-1.68434e-008 1.65042
-1.66434e-008 1.64378
-1.64434e-008 1.6471
-1.62434e-008 1.6471
-1.60434e-008 1.6471
-1.58434e-008 1.65042
-1.56434e-008 1.65042
-1.54434e-008 1.65042
-1.52434e-008 1.65042
-1.50434e-008 1.6471
-1.48434e-008 1.6471
-1.46434e-008 1.64378
-1.44434e-008 1.64378
-1.42434e-008 1.64378
-1.40434e-008 1.6471
-1.38434e-008 1.64378
-1.36434e-008 1.6471
-1.34434e-008 1.64378
-1.32434e-008 1.6471
-1.30434e-008 1.64378
-1.28434e-008 1.65042
-1.26434e-008 1.65042
-1.24434e-008 1.6471
-1.22434e-008 1.64378
-1.20434e-008 1.6471
-1.18434e-008 1.64046
-1.16434e-008 1.6471
-1.14434e-008 1.64046
-1.12434e-008 1.6471
-1.10434e-008 1.6471
-1.08434e-008 1.65042
-1.06434e-008 1.64378
-1.04434e-008 1.6471
-1.02434e-008 1.64378
-1.00434e-008 1.6471
-9.84338e-009 1.64046
-9.64338e-009 1.6471
-9.44338e-009 1.64378
-9.24338e-009 1.6471
-9.04338e-009 1.64378
-8.84338e-009 1.6471
-8.64338e-009 1.64378
-8.44338e-009 1.6471
-8.24338e-009 1.6471
-8.04338e-009 1.6471
-7.84338e-009 1.65042
-7.64338e-009 1.65042
-7.44338e-009 1.6471
-7.24338e-009 1.65042
-7.04338e-009 1.65042
-6.84338e-009 1.65374
-6.64338e-009 1.65042
-6.44338e-009 1.65374
-6.24338e-009 1.65706
-6.04338e-009 1.65706
-5.84338e-009 1.65706
-5.64338e-009 1.66039
-5.44338e-009 1.66371
-5.24338e-009 1.66703
-5.04338e-009 1.67035
-4.84338e-009 1.67367
-4.64338e-009 1.67367
-4.44338e-009 1.67699
-4.24338e-009 1.68363
-4.04338e-009 1.68695
-3.84338e-009 1.69027
-3.64338e-009 1.6936
-3.44338e-009 1.70356
-3.24338e-009 1.70356
-3.04338e-009 1.71352
-2.84338e-009 1.72016
-2.64338e-009 1.7268
-2.44338e-009 1.73345
-2.24338e-009 1.74009
-2.04338e-009 1.74673
-1.84338e-009 1.75337
-1.64338e-009 1.75669
-1.44338e-009 1.76666
-1.24338e-009 1.77662
-1.04338e-009 1.77662
-8.43381e-010 1.78326
-6.43381e-010 1.7899
-4.43381e-010 1.79654
-2.43381e-010 1.80983
-4.33812e-011 1.81647
1.56619e-010 1.82643
3.56619e-010 1.83307
5.56619e-010 1.84968
7.56619e-010 1.84636
9.56619e-010 1.85632
1.15662e-009 1.86628
1.35662e-009 1.86628
1.55662e-009 1.87293
1.75662e-009 1.87957
1.95662e-009 1.88289
2.15662e-009 1.89285
2.35662e-009 1.89949
2.55662e-009 1.90613
2.75662e-009 1.90946
2.95662e-009 1.91942
3.15662e-009 1.91942
3.35662e-009 1.92938
3.55662e-009 1.9327
3.75662e-009 1.93934
3.95662e-009 1.93602
4.15662e-009 1.94267
4.35662e-009 1.93934
4.55662e-009 1.94931
4.75662e-009 1.94267
4.95662e-009 1.94931
5.15662e-009 1.95263
5.35662e-009 1.95595
5.55662e-009 1.94931
5.75662e-009 1.95595
5.95662e-009 1.95927
6.15662e-009 1.96259
6.35662e-009 1.95927
6.55662e-009 1.96259
6.75662e-009 1.95927
6.95662e-009 1.96591
7.15662e-009 1.96259
7.35662e-009 1.96259
7.55662e-009 1.96259
7.75662e-009 1.95595
7.95662e-009 1.95595
8.15662e-009 1.95595
8.35662e-009 1.95263
8.55662e-009 1.94599
8.75662e-009 1.94931
8.95662e-009 1.94599
9.15662e-009 1.94267
9.35662e-009 1.94931
9.55662e-009 1.93934
9.75662e-009 1.94267
9.95662e-009 1.93602
1.01566e-008 1.93602
1.03566e-008 1.92938
1.05566e-008 1.92938
1.07566e-008 1.92274
1.09566e-008 1.91942
1.11566e-008 1.9161
1.13566e-008 1.91278
1.15566e-008 1.90946
1.17566e-008 1.90281
1.19566e-008 1.89949
1.21566e-008 1.89949
1.23566e-008 1.89617
1.25566e-008 1.89285
1.27566e-008 1.88953
1.29566e-008 1.88289
1.31566e-008 1.88289
1.33566e-008 1.87625
1.35566e-008 1.87625
1.37566e-008 1.8696
1.39566e-008 1.86628
1.41566e-008 1.86296
1.43566e-008 1.85964
1.45566e-008 1.85964
1.47566e-008 1.84968
1.49566e-008 1.84968
1.51566e-008 1.84636
1.53566e-008 1.83972
1.55566e-008 1.83972
1.57566e-008 1.8364
1.59566e-008 1.83307
1.61566e-008 1.82975
1.63566e-008 1.82311
1.65566e-008 1.81979
1.67566e-008 1.81979
1.69566e-008 1.81315
1.71566e-008 1.80983
1.73566e-008 1.80319
1.75566e-008 1.80319
1.77566e-008 1.79654
1.79566e-008 1.79322
1.81566e-008 1.78658
1.83566e-008 1.7899
1.85566e-008 1.78326
1.87566e-008 1.78326
1.89566e-008 1.77662
1.91566e-008 1.77662
1.93566e-008 1.76998
1.95566e-008 1.76998
1.97566e-008 1.76666
1.99566e-008 1.76333
2.01566e-008 1.76666
2.03566e-008 1.76333
2.05566e-008 1.76001
2.07566e-008 1.75669
2.09566e-008 1.75005
2.11566e-008 1.74673
2.13566e-008 1.74341
2.15566e-008 1.73677
2.17566e-008 1.73677
2.19566e-008 1.73345
2.21566e-008 1.73345
2.23566e-008 1.73013
2.25566e-008 1.7268
2.27566e-008 1.73013
2.29566e-008 1.7268
2.31566e-008 1.72348
2.33566e-008 1.72348
2.35566e-008 1.72348
2.37566e-008 1.72348
2.39566e-008 1.71684
2.41566e-008 1.71684
2.43566e-008 1.71352
2.45566e-008 1.7102
2.47566e-008 1.7102
2.49566e-008 1.70688
2.51566e-008 1.70356
2.53566e-008 1.70024
2.55566e-008 1.70356
2.57566e-008 1.70356
2.59566e-008 1.70356
2.61566e-008 1.69692
2.63566e-008 1.69692
2.65566e-008 1.69692
2.67566e-008 1.6936
2.69566e-008 1.6936
2.71566e-008 1.68695
2.73566e-008 1.68695
2.75566e-008 1.68363
2.77566e-008 1.68363
2.79566e-008 1.68031
2.81566e-008 1.67699
2.83566e-008 1.67699
2.85566e-008 1.67699
2.87566e-008 1.67699
2.89566e-008 1.68031
2.91566e-008 1.68031
2.93566e-008 1.67699
2.95566e-008 1.67367
2.97566e-008 1.67699
2.99566e-008 1.67035
3.01566e-008 1.67035
3.03566e-008 1.67035
3.05566e-008 1.66703
3.07566e-008 1.66371
3.09566e-008 1.66703
3.11566e-008 1.66703
3.13566e-008 1.66703
3.15566e-008 1.66703
3.17566e-008 1.66371
3.19566e-008 1.66039
3.21566e-008 1.66371
3.23566e-008 1.66371
3.25566e-008 1.66039
3.27566e-008 1.65706
3.29566e-008 1.66039
3.31566e-008 1.66371
3.33566e-008 1.66039
3.35566e-008 1.66039
3.37566e-008 1.66703
3.39566e-008 1.66039
3.41566e-008 1.66039
3.43566e-008 1.66039
3.45566e-008 1.65706
3.47566e-008 1.65706
3.49566e-008 1.65706
3.51566e-008 1.65706
3.53566e-008 1.65706
3.55566e-008 1.65706
3.57566e-008 1.65706
3.59566e-008 1.65374
3.61566e-008 1.65374
3.63566e-008 1.65374
3.65566e-008 1.65706
3.67566e-008 1.65706
3.69566e-008 1.65374
3.71566e-008 1.65042
3.73566e-008 1.6471
3.75566e-008 1.65042
3.77566e-008 1.65374
3.79566e-008 1.65042
3.81566e-008 1.65042
3.83566e-008 1.65374
3.85566e-008 1.65042
3.87566e-008 1.65042
3.89566e-008 1.6471
3.91566e-008 1.6471
3.93566e-008 1.6471
3.95566e-008 1.65374
3.97566e-008 1.65042
3.99566e-008 1.65042
4.01566e-008 1.6471
4.03566e-008 1.6471
4.05566e-008 1.6471
4.07566e-008 1.6471
4.09566e-008 1.6471
4.11566e-008 1.6471
4.13566e-008 1.64378
4.15566e-008 1.6471
4.17566e-008 1.6471
4.19566e-008 1.6471
4.21566e-008 1.65042
4.23566e-008 1.65042
4.25566e-008 1.65042
4.27566e-008 1.6471
4.29566e-008 1.6471
4.31566e-008 1.6471
4.33566e-008 1.6471
4.35566e-008 1.64378
4.37566e-008 1.6471
4.39566e-008 1.64378
4.41566e-008 1.64046
4.43566e-008 1.6471
4.45566e-008 1.64378
4.47566e-008 1.64378
4.49566e-008 1.64046
4.51566e-008 1.6471
4.53566e-008 1.64046
4.55566e-008 1.64378
4.57566e-008 1.6471
4.59566e-008 1.6471
4.61566e-008 1.64378
4.63566e-008 1.6471
4.65566e-008 1.64378
4.67566e-008 1.64378
4.69566e-008 1.64046
4.71566e-008 1.64046
4.73566e-008 1.64046
4.75566e-008 1.6471
4.77566e-008 1.63714
4.79566e-008 1.64378
4.81566e-008 1.64378
4.83566e-008 1.6471
4.85566e-008 1.64046
4.87566e-008 1.64378
4.89566e-008 1.64378
4.91566e-008 1.64046
4.93566e-008 1.64378
4.95566e-008 1.64046
4.97566e-008 1.64378
4.99566e-008 1.64378
5.01566e-008 1.64378
5.03566e-008 1.64378
5.05566e-008 1.64046
5.07566e-008 1.64378
5.09566e-008 1.64378
5.11566e-008 1.63714
5.13566e-008 1.63714
5.15566e-008 1.64378
5.17566e-008 1.63714
5.19566e-008 1.64046
5.21566e-008 1.63714
5.23566e-008 1.64378
5.25566e-008 1.64378
5.27566e-008 1.64378
5.29566e-008 1.64378
5.31566e-008 1.6471
5.33566e-008 1.64378
5.35566e-008 1.6471
5.37566e-008 1.64378
5.39566e-008 1.64046
5.41566e-008 1.64046
5.43566e-008 1.64046
5.45566e-008 1.64046
5.47566e-008 1.63714
5.49566e-008 1.63714
5.51566e-008 1.64378
5.53566e-008 1.64046
5.55566e-008 1.64378
5.57566e-008 1.64378
5.59566e-008 1.6471
5.61566e-008 1.64378
5.63566e-008 1.64378
5.65566e-008 1.64046
5.67566e-008 1.64378
5.69566e-008 1.64378
5.71566e-008 1.6471
5.73566e-008 1.6471
5.75566e-008 1.6471
5.77566e-008 1.63714
5.79566e-008 1.64046
5.81566e-008 1.64046
5.83566e-008 1.64378
5.85566e-008 1.64378
5.87566e-008 1.6471
5.89566e-008 1.64378
5.91566e-008 1.64378
5.93566e-008 1.64046
5.95566e-008 1.64378
5.97566e-008 1.63714
5.99566e-008 1.64378
6.01566e-008 1.64046
6.03566e-008 1.64378
6.05566e-008 1.64046
6.07566e-008 1.64378
6.09566e-008 1.63714
6.11566e-008 1.64378
6.13566e-008 1.64046
6.15566e-008 1.6471
6.17566e-008 1.63714
6.19566e-008 1.64378
6.21566e-008 1.64378
6.23566e-008 1.6471
6.25566e-008 1.6471
6.27566e-008 1.64378
6.29566e-008 1.64378
6.31566e-008 1.64046
6.33566e-008 1.63714
6.35566e-008 1.64378
6.37566e-008 1.64046
6.39566e-008 1.64378
6.41566e-008 1.64378
6.43566e-008 1.64378
6.45566e-008 1.64378
6.47566e-008 1.6471
6.49566e-008 1.64378
6.51566e-008 1.64378
6.53566e-008 1.64378
6.55566e-008 1.6471
6.57566e-008 1.64046
6.59566e-008 1.64378
6.61566e-008 1.63714
6.63566e-008 1.6471
6.65566e-008 1.64046
6.67566e-008 1.64378
6.69566e-008 1.64378
6.71566e-008 1.64378
6.73566e-008 1.64378
6.75566e-008 1.64378
6.77566e-008 1.64046
6.79566e-008 1.64378
6.81566e-008 1.64378
6.83566e-008 1.6471
6.85566e-008 1.6471
6.87566e-008 1.65042
6.89566e-008 1.6471
6.91566e-008 1.6471
6.93566e-008 1.64378
6.95566e-008 1.64046
6.97566e-008 1.64378
6.99566e-008 1.6471
7.01566e-008 1.6471
7.03566e-008 1.65042
7.05566e-008 1.6471
7.07566e-008 1.65042
7.09566e-008 1.64378
7.11566e-008 1.64378
7.13566e-008 1.64378
7.15566e-008 1.6471
7.17566e-008 1.64378
7.19566e-008 1.6471
7.21566e-008 1.6471
7.23566e-008 1.65042
7.25566e-008 1.65042
7.27566e-008 1.65042
7.29566e-008 1.64378
7.31566e-008 1.64378
7.33566e-008 1.64046
7.35566e-008 1.65042
7.37566e-008 1.64046
7.39566e-008 1.6471
7.41566e-008 1.64378
7.43566e-008 1.64378
7.45566e-008 1.64378
7.47566e-008 1.6471
7.49566e-008 1.6471
7.51566e-008 1.6471
7.53566e-008 1.64378
7.55566e-008 1.6471
7.57566e-008 1.64378
7.59566e-008 1.6471
7.61566e-008 1.65042
7.63566e-008 1.65042
7.65566e-008 1.65042
7.67566e-008 1.65042
7.69566e-008 1.6471
7.71566e-008 1.65042
7.73566e-008 1.64378
7.75566e-008 1.6471
7.77566e-008 1.64378
7.79566e-008 1.64378
7.81566e-008 1.6471
7.83566e-008 1.6471
7.85566e-008 1.64378
7.87566e-008 1.6471
7.89566e-008 1.6471
7.91566e-008 1.6471
7.93566e-008 1.65042
7.95566e-008 1.65042
7.97566e-008 1.65042
7.99566e-008 1.6471
8.01566e-008 1.65042
8.03566e-008 1.65042
8.05566e-008 1.6471
8.07566e-008 1.6471
8.09566e-008 1.64378
8.11566e-008 1.65042
8.13566e-008 1.6471
8.15566e-008 1.6471
8.17566e-008 1.6471
8.19566e-008 1.6471
8.21566e-008 1.64378
8.23566e-008 1.6471
8.25566e-008 1.6471
8.27566e-008 1.6471
8.29566e-008 1.64378
8.31566e-008 1.6471
8.33566e-008 1.6471
8.35566e-008 1.65042
8.37566e-008 1.6471
8.39566e-008 1.65042
8.41566e-008 1.64046
8.43566e-008 1.6471
8.45566e-008 1.64378
8.47566e-008 1.64378
8.49566e-008 1.6471
8.51566e-008 1.6471
8.53566e-008 1.64378
8.55566e-008 1.6471
8.57566e-008 1.64378
8.59566e-008 1.64378
8.61566e-008 1.64378
8.63566e-008 1.64378
8.65566e-008 1.64378
8.67566e-008 1.64378
8.69566e-008 1.64046
8.71566e-008 1.64378
8.73566e-008 1.64046
8.75566e-008 1.64378
8.77566e-008 1.64046
8.79566e-008 1.64046
8.81566e-008 1.63714
8.83566e-008 1.64046
8.85566e-008 1.64046
8.87566e-008 1.64378
8.89566e-008 1.64378
8.91566e-008 1.64378
8.93566e-008 1.64046
8.95566e-008 1.6471
8.97566e-008 1.6471
8.99566e-008 1.64378
9.01566e-008 1.64378
9.03566e-008 1.64378
9.05566e-008 1.64378
9.07566e-008 1.64046
9.09566e-008 1.64046
9.11566e-008 1.64046
9.13566e-008 1.64378
9.15566e-008 1.64046
9.17566e-008 1.63714
9.19566e-008 1.63714
9.21566e-008 1.64046
9.23566e-008 1.64046
9.25566e-008 1.63382
9.27566e-008 1.64046
9.29566e-008 1.64046
9.31566e-008 1.64046
9.33566e-008 1.63714
9.35566e-008 1.64046
9.37566e-008 1.64046
9.39566e-008 1.64046
9.41566e-008 1.63382
9.43566e-008 1.63714
9.45566e-008 1.63714
9.47566e-008 1.64046
9.49566e-008 1.63382
9.51566e-008 1.63714
9.53566e-008 1.63714
9.55566e-008 1.63714
9.57566e-008 1.64046
9.59566e-008 1.64046
9.61566e-008 1.63714
9.63566e-008 1.63714
9.65566e-008 1.63714
9.67566e-008 1.63714
9.69566e-008 1.64046
9.71566e-008 1.64046
9.73566e-008 1.63714
9.75566e-008 1.63714
9.77566e-008 1.63714
9.79566e-008 1.64046
9.81566e-008 1.64046
9.83566e-008 1.64046
9.85566e-008 1.64378
9.87566e-008 1.64046
9.89566e-008 1.63714
9.91566e-008 1.64046
9.93566e-008 1.63714
9.95566e-008 1.64046
9.97566e-008 1.63714
9.99566e-008 1.64046
1.00157e-007 1.63714
1.00357e-007 1.64046
1.00557e-007 1.63382
1.00757e-007 1.64046
1.00957e-007 1.63714
1.01157e-007 1.64378
1.01357e-007 1.63714
1.01557e-007 1.64046
1.01757e-007 1.63714
1.01957e-007 1.64378
1.02157e-007 1.64046
1.02357e-007 1.6471
1.02557e-007 1.64046
1.02757e-007 1.64378
1.02957e-007 1.64046
1.03157e-007 1.64378
1.03357e-007 1.64046
1.03557e-007 1.64046
1.03757e-007 1.63714
1.03957e-007 1.64046
1.04157e-007 1.64046
1.04357e-007 1.64046
1.04557e-007 1.63714
1.04757e-007 1.64378
1.04957e-007 1.64046
1.05157e-007 1.64378
1.05357e-007 1.63714
1.05557e-007 1.63714
1.05757e-007 1.64378
1.05957e-007 1.64378
1.06157e-007 1.64378
1.06357e-007 1.64046
1.06557e-007 1.64046
1.06757e-007 1.64046
1.06957e-007 1.63714
1.07157e-007 1.64378
1.07357e-007 1.64378
1.07557e-007 1.64046
1.07757e-007 1.63714
1.07957e-007 1.64378
1.08157e-007 1.64046
1.08357e-007 1.64046
1.08557e-007 1.63714
1.08757e-007 1.64046
1.08957e-007 1.63714
1.09157e-007 1.6471
1.09357e-007 1.64378
1.09557e-007 1.64046
1.09757e-007 1.64378
1.09957e-007 1.64378
1.10157e-007 1.64046
1.10357e-007 1.64046
1.10557e-007 1.64378
1.10757e-007 1.64378
1.10957e-007 1.64378
1.11157e-007 1.64378
1.11357e-007 1.63714
1.11557e-007 1.64046
1.11757e-007 1.64046
1.11957e-007 1.64378
1.12157e-007 1.64046
1.12357e-007 1.64378
1.12557e-007 1.63714
1.12757e-007 1.64378
1.12957e-007 1.64046
1.13157e-007 1.6471
1.13357e-007 1.64046
1.13557e-007 1.6471
1.13757e-007 1.64378
1.13957e-007 1.6471
1.14157e-007 1.63714
1.14357e-007 1.64378
1.14557e-007 1.64046
1.14757e-007 1.63714
1.14957e-007 1.64378
1.15157e-007 1.64378
1.15357e-007 1.64046
1.15557e-007 1.64378
1.15757e-007 1.64046
1.15957e-007 1.64046
1.16157e-007 1.64046
1.16357e-007 1.6471
1.16557e-007 1.64378
1.16757e-007 1.64378
1.16957e-007 1.64378
1.17157e-007 1.6471
1.17357e-007 1.6471
1.17557e-007 1.6471
1.17757e-007 1.64378
1.17957e-007 1.65042
1.18157e-007 1.6471
1.18357e-007 1.6471
1.18557e-007 1.64378
1.18757e-007 1.64378
1.18957e-007 1.64046
1.19157e-007 1.64046
1.19357e-007 1.64378
1.19557e-007 1.64046
1.19757e-007 1.64378
1.19957e-007 1.64378
1.20157e-007 1.6471
1.20357e-007 1.64378
1.20557e-007 1.64378
1.20757e-007 1.64378
1.20957e-007 1.6471
1.21157e-007 1.64378
1.21357e-007 1.64378
1.21557e-007 1.6471
1.21757e-007 1.64378
1.21957e-007 1.6471
1.22157e-007 1.64378
1.22357e-007 1.6471
1.22557e-007 1.64378
1.22757e-007 1.64378
1.22957e-007 1.64378
1.23157e-007 1.64378
1.23357e-007 1.64378
1.23557e-007 1.64378
1.23757e-007 1.64378
1.23957e-007 1.64046
1.24157e-007 1.64378
1.24357e-007 1.6471
1.24557e-007 1.65042
1.24757e-007 1.6471
1.24957e-007 1.64378
1.25157e-007 1.64378
1.25357e-007 1.6471
1.25557e-007 1.6471
1.25757e-007 1.64378
1.25957e-007 1.6471
1.26157e-007 1.64378
1.26357e-007 1.6471
1.26557e-007 1.64046
1.26757e-007 1.64378
1.26957e-007 1.64378
1.27157e-007 1.64046
1.27357e-007 1.64378
1.27557e-007 1.64378
1.27757e-007 1.64046
1.27957e-007 1.6471
1.28157e-007 1.64378
1.28357e-007 1.6471
1.28557e-007 1.6471
1.28757e-007 1.6471
1.28957e-007 1.64378
1.29157e-007 1.6471
1.29357e-007 1.64378
1.29557e-007 1.64046
1.29757e-007 1.64378
1.29957e-007 1.64378
1.30157e-007 1.64378
1.30357e-007 1.65042
1.30557e-007 1.64378
1.30757e-007 1.6471
1.30957e-007 1.64378
1.31157e-007 1.64378
1.31357e-007 1.64378
1.31557e-007 1.64378
1.31757e-007 1.64378
1.31957e-007 1.6471
1.32157e-007 1.6471
1.32357e-007 1.6471
1.32557e-007 1.64378
1.32757e-007 1.64378
1.32957e-007 1.64046
1.33157e-007 1.64378
1.33357e-007 1.64378
1.33557e-007 1.64378
1.33757e-007 1.64046
1.33957e-007 1.64378
1.34157e-007 1.64046
1.34357e-007 1.6471
1.34557e-007 1.64378
1.34757e-007 1.64378
1.34957e-007 1.64046
1.35157e-007 1.64046
1.35357e-007 1.64378
1.35557e-007 1.64046
1.35757e-007 1.64046
1.35957e-007 1.64046
1.36157e-007 1.64378
1.36357e-007 1.64378
1.36557e-007 1.64046
1.36757e-007 1.64378
1.36957e-007 1.64046
1.37157e-007 1.64378
1.37357e-007 1.64046
1.37557e-007 1.64046
1.37757e-007 1.64378
1.37957e-007 1.64378
1.38157e-007 1.63714
1.38357e-007 1.64378
1.38557e-007 1.64378
1.38757e-007 1.6471
1.38957e-007 1.64378
1.39157e-007 1.6471
1.39357e-007 1.64378
1.39557e-007 1.64378
1.39757e-007 1.64378
1.39957e-007 1.6471
1.40157e-007 1.64378
1.40357e-007 1.64378
1.40557e-007 1.6471
1.40757e-007 1.64046
1.40957e-007 1.64378
1.41157e-007 1.6471
1.41357e-007 1.64378
1.41557e-007 1.64378
1.41757e-007 1.64378
1.41957e-007 1.6471
1.42157e-007 1.64378
1.42357e-007 1.6471
1.42557e-007 1.64378
1.42757e-007 1.6471
1.42957e-007 1.64046
1.43157e-007 1.6471
1.43357e-007 1.64378
1.43557e-007 1.6471
1.43757e-007 1.64378
1.43957e-007 1.6471
1.44157e-007 1.64378
1.44357e-007 1.6471
1.44557e-007 1.64046
1.44757e-007 1.6471
1.44957e-007 1.64046
1.45157e-007 1.64378
1.45357e-007 1.64046
1.45557e-007 1.64378
1.45757e-007 1.64378
1.45957e-007 1.64378
1.46157e-007 1.6471
1.46357e-007 1.6471
1.46557e-007 1.64378
1.46757e-007 1.6471
1.46957e-007 1.64378
1.47157e-007 1.6471
1.47357e-007 1.64378
1.47557e-007 1.64378
1.47757e-007 1.64378
1.47957e-007 1.64378
1.48157e-007 1.64378
1.48357e-007 1.6471
1.48557e-007 1.64378
