LECROYWS44MXs-B 69584 Waveform
Segments 1 SegmentSize 1002
Segment TrigTime TimeSinceSegment1
#1 24-Jun-2015 00:38:58 0                 
Time Ampl
-5.16995e-008 1.65374
-5.14995e-008 1.64378
-5.12995e-008 1.65042
-5.10995e-008 1.65042
-5.08995e-008 1.65042
-5.06995e-008 1.65042
-5.04995e-008 1.65042
-5.02995e-008 1.65042
-5.00995e-008 1.65042
-4.98995e-008 1.65042
-4.96995e-008 1.6471
-4.94995e-008 1.65042
-4.92995e-008 1.65374
-4.90995e-008 1.65706
-4.88995e-008 1.65374
-4.86995e-008 1.65706
-4.84995e-008 1.65374
-4.82995e-008 1.6471
-4.80995e-008 1.65706
-4.78995e-008 1.6471
-4.76995e-008 1.65042
-4.74995e-008 1.65042
-4.72995e-008 1.6471
-4.70995e-008 1.64378
-4.68995e-008 1.6471
-4.66995e-008 1.6471
-4.64995e-008 1.65042
-4.62995e-008 1.6471
-4.60995e-008 1.6471
-4.58995e-008 1.6471
-4.56995e-008 1.6471
-4.54995e-008 1.65042
-4.52995e-008 1.65042
-4.50995e-008 1.6471
-4.48995e-008 1.65042
-4.46995e-008 1.65042
-4.44995e-008 1.65042
-4.42995e-008 1.65042
-4.40995e-008 1.6471
-4.38995e-008 1.65042
-4.36995e-008 1.65042
-4.34995e-008 1.64378
-4.32995e-008 1.6471
-4.30995e-008 1.64378
-4.28995e-008 1.6471
-4.26995e-008 1.64378
-4.24995e-008 1.6471
-4.22995e-008 1.6471
-4.20995e-008 1.65042
-4.18995e-008 1.6471
-4.16995e-008 1.6471
-4.14995e-008 1.65374
-4.12995e-008 1.65042
-4.10995e-008 1.65042
-4.08995e-008 1.65042
-4.06995e-008 1.6471
-4.04995e-008 1.65374
-4.02995e-008 1.65374
-4.00995e-008 1.65042
-3.98995e-008 1.65374
-3.96995e-008 1.65374
-3.94995e-008 1.65042
-3.92995e-008 1.65042
-3.90995e-008 1.65042
-3.88995e-008 1.65374
-3.86995e-008 1.65042
-3.84995e-008 1.65042
-3.82995e-008 1.65042
-3.80995e-008 1.65374
-3.78995e-008 1.65042
-3.76995e-008 1.6471
-3.74995e-008 1.64378
-3.72995e-008 1.65042
-3.70995e-008 1.6471
-3.68995e-008 1.65042
-3.66995e-008 1.6471
-3.64995e-008 1.65042
-3.62995e-008 1.65042
-3.60995e-008 1.65042
-3.58995e-008 1.65042
-3.56995e-008 1.65042
-3.54995e-008 1.65042
-3.52995e-008 1.65042
-3.50995e-008 1.65042
-3.48995e-008 1.65042
-3.46995e-008 1.65042
-3.44995e-008 1.6471
-3.42995e-008 1.6471
-3.40995e-008 1.6471
-3.38995e-008 1.64378
-3.36995e-008 1.6471
-3.34995e-008 1.6471
-3.32995e-008 1.64378
-3.30995e-008 1.6471
-3.28995e-008 1.64378
-3.26995e-008 1.6471
-3.24995e-008 1.65042
-3.22995e-008 1.6471
-3.20995e-008 1.65042
-3.18995e-008 1.6471
-3.16995e-008 1.65042
-3.14995e-008 1.6471
-3.12995e-008 1.65042
-3.10995e-008 1.65042
-3.08995e-008 1.65042
-3.06995e-008 1.65042
-3.04995e-008 1.65042
-3.02995e-008 1.64378
-3.00995e-008 1.6471
-2.98995e-008 1.64378
-2.96995e-008 1.6471
-2.94995e-008 1.65042
-2.92995e-008 1.65042
-2.90995e-008 1.65042
-2.88995e-008 1.65374
-2.86995e-008 1.65042
-2.84995e-008 1.6471
-2.82995e-008 1.65042
-2.80995e-008 1.6471
-2.78995e-008 1.6471
-2.76995e-008 1.6471
-2.74995e-008 1.6471
-2.72995e-008 1.65042
-2.70995e-008 1.6471
-2.68995e-008 1.6471
-2.66995e-008 1.6471
-2.64995e-008 1.64378
-2.62995e-008 1.65042
-2.60995e-008 1.6471
-2.58995e-008 1.6471
-2.56995e-008 1.6471
-2.54995e-008 1.6471
-2.52995e-008 1.65042
-2.50995e-008 1.6471
-2.48995e-008 1.6471
-2.46995e-008 1.6471
-2.44995e-008 1.65042
-2.42995e-008 1.65042
-2.40995e-008 1.65042
-2.38995e-008 1.6471
-2.36995e-008 1.6471
-2.34995e-008 1.6471
-2.32995e-008 1.6471
-2.30995e-008 1.64378
-2.28995e-008 1.6471
-2.26995e-008 1.64378
-2.24995e-008 1.64378
-2.22995e-008 1.64378
-2.20995e-008 1.65042
-2.18995e-008 1.64378
-2.16995e-008 1.6471
-2.14995e-008 1.64378
-2.12995e-008 1.6471
-2.10995e-008 1.64378
-2.08995e-008 1.6471
-2.06995e-008 1.64378
-2.04995e-008 1.64378
-2.02995e-008 1.64378
-2.00995e-008 1.6471
-1.98995e-008 1.6471
-1.96995e-008 1.6471
-1.94995e-008 1.64378
-1.92995e-008 1.6471
-1.90995e-008 1.65042
-1.88995e-008 1.6471
-1.86995e-008 1.64378
-1.84995e-008 1.6471
-1.82995e-008 1.64378
-1.80995e-008 1.6471
-1.78995e-008 1.6471
-1.76995e-008 1.64378
-1.74995e-008 1.64378
-1.72995e-008 1.6471
-1.70995e-008 1.6471
-1.68995e-008 1.6471
-1.66995e-008 1.64046
-1.64995e-008 1.65042
-1.62995e-008 1.64378
-1.60995e-008 1.65042
-1.58995e-008 1.64378
-1.56995e-008 1.6471
-1.54995e-008 1.6471
-1.52995e-008 1.6471
-1.50995e-008 1.6471
-1.48995e-008 1.6471
-1.46995e-008 1.64378
-1.44995e-008 1.6471
-1.42995e-008 1.65042
-1.40995e-008 1.6471
-1.38995e-008 1.6471
-1.36995e-008 1.65042
-1.34995e-008 1.64378
-1.32995e-008 1.64378
-1.30995e-008 1.64378
-1.28995e-008 1.64378
-1.26995e-008 1.6471
-1.24995e-008 1.64378
-1.22995e-008 1.6471
-1.20995e-008 1.6471
-1.18995e-008 1.64046
-1.16995e-008 1.6471
-1.14995e-008 1.64378
-1.12995e-008 1.6471
-1.10995e-008 1.6471
-1.08995e-008 1.6471
-1.06995e-008 1.65042
-1.04995e-008 1.6471
-1.02995e-008 1.6471
-1.00995e-008 1.64378
-9.89949e-009 1.64046
-9.69949e-009 1.65042
-9.49949e-009 1.64378
-9.29949e-009 1.6471
-9.09949e-009 1.6471
-8.89949e-009 1.64378
-8.69949e-009 1.6471
-8.49949e-009 1.65042
-8.29949e-009 1.65042
-8.09949e-009 1.65374
-7.89949e-009 1.6471
-7.69949e-009 1.65042
-7.49949e-009 1.65042
-7.29949e-009 1.65042
-7.09949e-009 1.65042
-6.89949e-009 1.65706
-6.69949e-009 1.65042
-6.49949e-009 1.65706
-6.29949e-009 1.65042
-6.09949e-009 1.65706
-5.89949e-009 1.66371
-5.69949e-009 1.66371
-5.49949e-009 1.66371
-5.29949e-009 1.66371
-5.09949e-009 1.66703
-4.89949e-009 1.66703
-4.69949e-009 1.67367
-4.49949e-009 1.67367
-4.29949e-009 1.67699
-4.09949e-009 1.67699
-3.89949e-009 1.68695
-3.69949e-009 1.6936
-3.49949e-009 1.69692
-3.29949e-009 1.70688
-3.09949e-009 1.7102
-2.89949e-009 1.72016
-2.69949e-009 1.7268
-2.49949e-009 1.73013
-2.29949e-009 1.73345
-2.09949e-009 1.74341
-1.89949e-009 1.74673
-1.69949e-009 1.75669
-1.49949e-009 1.76333
-1.29949e-009 1.76998
-1.09949e-009 1.77994
-8.99491e-010 1.78658
-6.99491e-010 1.79322
-4.99491e-010 1.79322
-2.99491e-010 1.80983
-9.94911e-011 1.81315
1.00509e-010 1.81979
3.00509e-010 1.82643
5.00509e-010 1.84304
7.00509e-010 1.85632
9.00509e-010 1.85964
1.10051e-009 1.86296
1.30051e-009 1.87625
1.50051e-009 1.87957
1.70051e-009 1.88289
1.90051e-009 1.88953
2.10051e-009 1.89617
2.30051e-009 1.90946
2.50051e-009 1.91278
2.70051e-009 1.92274
2.90051e-009 1.92938
3.10051e-009 1.93602
3.30051e-009 1.93934
3.50051e-009 1.93934
3.70051e-009 1.94931
3.90051e-009 1.94931
4.10051e-009 1.95927
4.30051e-009 1.95595
4.50051e-009 1.96259
4.70051e-009 1.96591
4.90051e-009 1.97255
5.10051e-009 1.97255
5.30051e-009 1.97255
5.50051e-009 1.97587
5.70051e-009 1.9792
5.90051e-009 1.97255
6.10051e-009 1.9792
6.30051e-009 1.98252
6.50051e-009 1.98252
6.70051e-009 1.98252
6.90051e-009 1.9792
7.10051e-009 1.98252
7.30051e-009 1.98252
7.50051e-009 1.98252
7.70051e-009 1.98916
7.90051e-009 1.98252
8.10051e-009 1.98584
8.30051e-009 1.98252
8.50051e-009 1.98252
8.70051e-009 1.9792
8.90051e-009 1.97587
9.10051e-009 1.97255
9.30051e-009 1.97255
9.50051e-009 1.96923
9.70051e-009 1.96591
9.90051e-009 1.95927
1.01005e-008 1.96259
1.03005e-008 1.95595
1.05005e-008 1.95595
1.07005e-008 1.94599
1.09005e-008 1.94931
1.11005e-008 1.94599
1.13005e-008 1.94599
1.15005e-008 1.93602
1.17005e-008 1.9327
1.19005e-008 1.9327
1.21005e-008 1.92606
1.23005e-008 1.92274
1.25005e-008 1.92606
1.27005e-008 1.9161
1.29005e-008 1.9161
1.31005e-008 1.90946
1.33005e-008 1.90281
1.35005e-008 1.89617
1.37005e-008 1.89285
1.39005e-008 1.88621
1.41005e-008 1.88621
1.43005e-008 1.87957
1.45005e-008 1.87957
1.47005e-008 1.87293
1.49005e-008 1.8696
1.51005e-008 1.86628
1.53005e-008 1.85964
1.55005e-008 1.85632
1.57005e-008 1.853
1.59005e-008 1.84636
1.61005e-008 1.84304
1.63005e-008 1.84304
1.65005e-008 1.8364
1.67005e-008 1.8364
1.69005e-008 1.82975
1.71005e-008 1.82311
1.73005e-008 1.82311
1.75005e-008 1.81647
1.77005e-008 1.81315
1.79005e-008 1.81315
1.81005e-008 1.80983
1.83005e-008 1.80319
1.85005e-008 1.79654
1.87005e-008 1.79654
1.89005e-008 1.7899
1.91005e-008 1.78658
1.93005e-008 1.78326
1.95005e-008 1.77662
1.97005e-008 1.7733
1.99005e-008 1.76998
2.01005e-008 1.77662
2.03005e-008 1.76998
2.05005e-008 1.76666
2.07005e-008 1.76001
2.09005e-008 1.75669
2.11005e-008 1.75337
2.13005e-008 1.74673
2.15005e-008 1.74341
2.17005e-008 1.74341
2.19005e-008 1.74009
2.21005e-008 1.73677
2.23005e-008 1.73345
2.25005e-008 1.73013
2.27005e-008 1.73013
2.29005e-008 1.72348
2.31005e-008 1.72348
2.33005e-008 1.72348
2.35005e-008 1.71684
2.37005e-008 1.71352
2.39005e-008 1.71352
2.41005e-008 1.71684
2.43005e-008 1.7102
2.45005e-008 1.7102
2.47005e-008 1.70356
2.49005e-008 1.70356
2.51005e-008 1.69692
2.53005e-008 1.69692
2.55005e-008 1.6936
2.57005e-008 1.68695
2.59005e-008 1.68695
2.61005e-008 1.69027
2.63005e-008 1.68695
2.65005e-008 1.68695
2.67005e-008 1.68363
2.69005e-008 1.68031
2.71005e-008 1.67699
2.73005e-008 1.67699
2.75005e-008 1.67699
2.77005e-008 1.67367
2.79005e-008 1.67367
2.81005e-008 1.67367
2.83005e-008 1.67035
2.85005e-008 1.66703
2.87005e-008 1.66703
2.89005e-008 1.66703
2.91005e-008 1.66371
2.93005e-008 1.66703
2.95005e-008 1.66371
2.97005e-008 1.66703
2.99005e-008 1.66039
3.01005e-008 1.66039
3.03005e-008 1.65706
3.05005e-008 1.66039
3.07005e-008 1.66039
3.09005e-008 1.65706
3.11005e-008 1.66039
3.13005e-008 1.65706
3.15005e-008 1.65374
3.17005e-008 1.65374
3.19005e-008 1.65374
3.21005e-008 1.65374
3.23005e-008 1.65374
3.25005e-008 1.6471
3.27005e-008 1.6471
3.29005e-008 1.65042
3.31005e-008 1.6471
3.33005e-008 1.64378
3.35005e-008 1.65042
3.37005e-008 1.6471
3.39005e-008 1.6471
3.41005e-008 1.64378
3.43005e-008 1.64378
3.45005e-008 1.64378
3.47005e-008 1.6471
3.49005e-008 1.64046
3.51005e-008 1.64378
3.53005e-008 1.64046
3.55005e-008 1.64378
3.57005e-008 1.64046
3.59005e-008 1.64046
3.61005e-008 1.63714
3.63005e-008 1.64046
3.65005e-008 1.63714
3.67005e-008 1.64046
3.69005e-008 1.63714
3.71005e-008 1.63714
3.73005e-008 1.63714
3.75005e-008 1.64046
3.77005e-008 1.63714
3.79005e-008 1.63714
3.81005e-008 1.63382
3.83005e-008 1.63714
3.85005e-008 1.63714
3.87005e-008 1.63714
3.89005e-008 1.63382
3.91005e-008 1.63382
3.93005e-008 1.63714
3.95005e-008 1.63382
3.97005e-008 1.63714
3.99005e-008 1.6305
4.01005e-008 1.63382
4.03005e-008 1.63382
4.05005e-008 1.63382
4.07005e-008 1.63714
4.09005e-008 1.63382
4.11005e-008 1.63714
4.13005e-008 1.6305
4.15005e-008 1.63382
4.17005e-008 1.63382
4.19005e-008 1.63382
4.21005e-008 1.63382
4.23005e-008 1.63382
4.25005e-008 1.6305
4.27005e-008 1.63714
4.29005e-008 1.63382
4.31005e-008 1.63382
4.33005e-008 1.6305
4.35005e-008 1.6305
4.37005e-008 1.6305
4.39005e-008 1.6305
4.41005e-008 1.6305
4.43005e-008 1.6305
4.45005e-008 1.63382
4.47005e-008 1.6305
4.49005e-008 1.6305
4.51005e-008 1.6305
4.53005e-008 1.6305
4.55005e-008 1.63382
4.57005e-008 1.6305
4.59005e-008 1.6305
4.61005e-008 1.63382
4.63005e-008 1.6305
4.65005e-008 1.6305
4.67005e-008 1.63382
4.69005e-008 1.6305
4.71005e-008 1.6305
4.73005e-008 1.63382
4.75005e-008 1.63382
4.77005e-008 1.63382
4.79005e-008 1.6305
4.81005e-008 1.6305
4.83005e-008 1.6305
4.85005e-008 1.6305
4.87005e-008 1.6305
4.89005e-008 1.6305
4.91005e-008 1.62386
4.93005e-008 1.62386
4.95005e-008 1.62386
4.97005e-008 1.62718
4.99005e-008 1.62718
5.01005e-008 1.62718
5.03005e-008 1.6305
5.05005e-008 1.6305
5.07005e-008 1.6305
5.09005e-008 1.6305
5.11005e-008 1.6305
5.13005e-008 1.6305
5.15005e-008 1.63382
5.17005e-008 1.6305
5.19005e-008 1.6305
5.21005e-008 1.6305
5.23005e-008 1.62718
5.25005e-008 1.6305
5.27005e-008 1.6305
5.29005e-008 1.6305
5.31005e-008 1.6305
5.33005e-008 1.6305
5.35005e-008 1.6305
5.37005e-008 1.6305
5.39005e-008 1.6305
5.41005e-008 1.6305
5.43005e-008 1.63382
5.45005e-008 1.6305
5.47005e-008 1.6305
5.49005e-008 1.6305
5.51005e-008 1.63382
5.53005e-008 1.62718
5.55005e-008 1.62718
5.57005e-008 1.62718
5.59005e-008 1.6305
5.61005e-008 1.6305
5.63005e-008 1.63382
5.65005e-008 1.6305
5.67005e-008 1.6305
5.69005e-008 1.63382
5.71005e-008 1.6305
5.73005e-008 1.6305
5.75005e-008 1.6305
5.77005e-008 1.62718
5.79005e-008 1.6305
5.81005e-008 1.6305
5.83005e-008 1.6305
5.85005e-008 1.6305
5.87005e-008 1.62718
5.89005e-008 1.62718
5.91005e-008 1.63382
5.93005e-008 1.63714
5.95005e-008 1.6305
5.97005e-008 1.63382
5.99005e-008 1.63382
6.01005e-008 1.6305
6.03005e-008 1.6305
6.05005e-008 1.6305
6.07005e-008 1.6305
6.09005e-008 1.63382
6.11005e-008 1.6305
6.13005e-008 1.6305
6.15005e-008 1.6305
6.17005e-008 1.63382
6.19005e-008 1.63382
6.21005e-008 1.6305
6.23005e-008 1.63382
6.25005e-008 1.63382
6.27005e-008 1.63382
6.29005e-008 1.63382
6.31005e-008 1.63382
6.33005e-008 1.6305
6.35005e-008 1.63382
6.37005e-008 1.63382
6.39005e-008 1.63714
6.41005e-008 1.6305
6.43005e-008 1.63382
6.45005e-008 1.63714
6.47005e-008 1.6305
6.49005e-008 1.63714
6.51005e-008 1.63714
6.53005e-008 1.63714
6.55005e-008 1.6305
6.57005e-008 1.6305
6.59005e-008 1.63714
6.61005e-008 1.63382
6.63005e-008 1.63382
6.65005e-008 1.6305
6.67005e-008 1.6305
6.69005e-008 1.63382
6.71005e-008 1.6305
6.73005e-008 1.63382
6.75005e-008 1.63714
6.77005e-008 1.6305
6.79005e-008 1.6305
6.81005e-008 1.63382
6.83005e-008 1.6305
6.85005e-008 1.6305
6.87005e-008 1.6305
6.89005e-008 1.6305
6.91005e-008 1.6305
6.93005e-008 1.6305
6.95005e-008 1.63382
6.97005e-008 1.63382
6.99005e-008 1.6305
7.01005e-008 1.63714
7.03005e-008 1.63382
7.05005e-008 1.64046
7.07005e-008 1.63714
7.09005e-008 1.64046
7.11005e-008 1.64046
7.13005e-008 1.63714
7.15005e-008 1.63382
7.17005e-008 1.63382
7.19005e-008 1.63714
7.21005e-008 1.63382
7.23005e-008 1.63714
7.25005e-008 1.63714
7.27005e-008 1.63382
7.29005e-008 1.63714
7.31005e-008 1.63714
7.33005e-008 1.63714
7.35005e-008 1.64378
7.37005e-008 1.64046
7.39005e-008 1.64378
7.41005e-008 1.64046
7.43005e-008 1.64046
7.45005e-008 1.63714
7.47005e-008 1.64046
7.49005e-008 1.63714
7.51005e-008 1.64378
7.53005e-008 1.64046
7.55005e-008 1.64378
7.57005e-008 1.63714
7.59005e-008 1.64046
7.61005e-008 1.63714
7.63005e-008 1.63714
7.65005e-008 1.63382
7.67005e-008 1.63382
7.69005e-008 1.63382
7.71005e-008 1.63382
7.73005e-008 1.64378
7.75005e-008 1.63382
7.77005e-008 1.63714
7.79005e-008 1.64046
7.81005e-008 1.64378
7.83005e-008 1.64378
7.85005e-008 1.64378
7.87005e-008 1.64046
7.89005e-008 1.64046
7.91005e-008 1.64046
7.93005e-008 1.64378
7.95005e-008 1.64046
7.97005e-008 1.64378
7.99005e-008 1.64046
8.01005e-008 1.64046
8.03005e-008 1.64046
8.05005e-008 1.64046
8.07005e-008 1.64378
8.09005e-008 1.63714
8.11005e-008 1.64378
8.13005e-008 1.64046
8.15005e-008 1.64378
8.17005e-008 1.64046
8.19005e-008 1.64046
8.21005e-008 1.63714
8.23005e-008 1.64046
8.25005e-008 1.64046
8.27005e-008 1.64046
8.29005e-008 1.64046
8.31005e-008 1.63714
8.33005e-008 1.64046
8.35005e-008 1.64046
8.37005e-008 1.64046
8.39005e-008 1.64378
8.41005e-008 1.64046
8.43005e-008 1.64046
8.45005e-008 1.64046
8.47005e-008 1.64046
8.49005e-008 1.64046
8.51005e-008 1.63382
8.53005e-008 1.63714
8.55005e-008 1.63714
8.57005e-008 1.64046
8.59005e-008 1.64046
8.61005e-008 1.63714
8.63005e-008 1.63382
8.65005e-008 1.63714
8.67005e-008 1.63714
8.69005e-008 1.63714
8.71005e-008 1.6305
8.73005e-008 1.63382
8.75005e-008 1.63382
8.77005e-008 1.63382
8.79005e-008 1.63382
8.81005e-008 1.63382
8.83005e-008 1.63382
8.85005e-008 1.63382
8.87005e-008 1.63714
8.89005e-008 1.64046
8.91005e-008 1.6305
8.93005e-008 1.63714
8.95005e-008 1.6305
8.97005e-008 1.63382
8.99005e-008 1.63714
9.01005e-008 1.63382
9.03005e-008 1.63382
9.05005e-008 1.63714
9.07005e-008 1.63382
9.09005e-008 1.6305
9.11005e-008 1.63714
9.13005e-008 1.63382
9.15005e-008 1.6305
9.17005e-008 1.63382
9.19005e-008 1.6305
9.21005e-008 1.63382
9.23005e-008 1.63382
9.25005e-008 1.63382
9.27005e-008 1.6305
9.29005e-008 1.6305
9.31005e-008 1.6305
9.33005e-008 1.6305
9.35005e-008 1.63382
9.37005e-008 1.6305
9.39005e-008 1.63382
9.41005e-008 1.6305
9.43005e-008 1.6305
9.45005e-008 1.6305
9.47005e-008 1.6305
9.49005e-008 1.63382
9.51005e-008 1.6305
9.53005e-008 1.63382
9.55005e-008 1.63714
9.57005e-008 1.63382
9.59005e-008 1.63382
9.61005e-008 1.63382
9.63005e-008 1.64046
9.65005e-008 1.63382
9.67005e-008 1.63714
9.69005e-008 1.63714
9.71005e-008 1.63714
9.73005e-008 1.63714
9.75005e-008 1.63714
9.77005e-008 1.63714
9.79005e-008 1.63714
9.81005e-008 1.6305
9.83005e-008 1.63382
9.85005e-008 1.63382
9.87005e-008 1.63382
9.89005e-008 1.6305
9.91005e-008 1.63382
9.93005e-008 1.63714
9.95005e-008 1.63714
9.97005e-008 1.63714
9.99005e-008 1.63714
1.00101e-007 1.63714
1.00301e-007 1.63382
1.00501e-007 1.63714
1.00701e-007 1.63382
1.00901e-007 1.6305
1.01101e-007 1.63382
1.01301e-007 1.63382
1.01501e-007 1.63382
1.01701e-007 1.63382
1.01901e-007 1.63382
1.02101e-007 1.63382
1.02301e-007 1.63714
1.02501e-007 1.63714
1.02701e-007 1.64046
1.02901e-007 1.63382
1.03101e-007 1.63714
1.03301e-007 1.63714
1.03501e-007 1.64046
1.03701e-007 1.63714
1.03901e-007 1.63714
1.04101e-007 1.63382
1.04301e-007 1.63714
1.04501e-007 1.6305
1.04701e-007 1.63714
1.04901e-007 1.6305
1.05101e-007 1.63382
1.05301e-007 1.63382
1.05501e-007 1.6305
1.05701e-007 1.63382
1.05901e-007 1.63382
1.06101e-007 1.63714
1.06301e-007 1.64378
1.06501e-007 1.63714
1.06701e-007 1.64046
1.06901e-007 1.63714
1.07101e-007 1.63714
1.07301e-007 1.63714
1.07501e-007 1.63714
1.07701e-007 1.63382
1.07901e-007 1.63714
1.08101e-007 1.63714
1.08301e-007 1.63382
1.08501e-007 1.6305
1.08701e-007 1.63382
1.08901e-007 1.6305
1.09101e-007 1.63714
1.09301e-007 1.6305
1.09501e-007 1.63382
1.09701e-007 1.63382
1.09901e-007 1.64046
1.10101e-007 1.63382
1.10301e-007 1.63714
1.10501e-007 1.63714
1.10701e-007 1.63382
1.10901e-007 1.63714
1.11101e-007 1.64046
1.11301e-007 1.63714
1.11501e-007 1.63714
1.11701e-007 1.63382
1.11901e-007 1.63714
1.12101e-007 1.63714
1.12301e-007 1.63714
1.12501e-007 1.63382
1.12701e-007 1.64046
1.12901e-007 1.63714
1.13101e-007 1.64046
1.13301e-007 1.63714
1.13501e-007 1.63714
1.13701e-007 1.63714
1.13901e-007 1.64046
1.14101e-007 1.63714
1.14301e-007 1.63382
1.14501e-007 1.63714
1.14701e-007 1.64046
1.14901e-007 1.63714
1.15101e-007 1.63714
1.15301e-007 1.63714
1.15501e-007 1.64046
1.15701e-007 1.63714
1.15901e-007 1.64046
1.16101e-007 1.63714
1.16301e-007 1.63382
1.16501e-007 1.6305
1.16701e-007 1.63382
1.16901e-007 1.63714
1.17101e-007 1.63714
1.17301e-007 1.63714
1.17501e-007 1.64046
1.17701e-007 1.64046
1.17901e-007 1.64046
1.18101e-007 1.63714
1.18301e-007 1.64046
1.18501e-007 1.63714
1.18701e-007 1.63714
1.18901e-007 1.64046
1.19101e-007 1.63714
1.19301e-007 1.63714
1.19501e-007 1.63714
1.19701e-007 1.64046
1.19901e-007 1.64046
1.20101e-007 1.63714
1.20301e-007 1.64046
1.20501e-007 1.64046
1.20701e-007 1.63714
1.20901e-007 1.63714
1.21101e-007 1.64046
1.21301e-007 1.64378
1.21501e-007 1.63382
1.21701e-007 1.63714
1.21901e-007 1.63714
1.22101e-007 1.63714
1.22301e-007 1.63714
1.22501e-007 1.63714
1.22701e-007 1.63714
1.22901e-007 1.63714
1.23101e-007 1.63714
1.23301e-007 1.63382
1.23501e-007 1.63714
1.23701e-007 1.63714
1.23901e-007 1.63382
1.24101e-007 1.63714
1.24301e-007 1.64046
1.24501e-007 1.63714
1.24701e-007 1.63714
1.24901e-007 1.6305
1.25101e-007 1.64046
1.25301e-007 1.64046
1.25501e-007 1.63714
1.25701e-007 1.64046
1.25901e-007 1.63714
1.26101e-007 1.63714
1.26301e-007 1.63714
1.26501e-007 1.63714
1.26701e-007 1.63382
1.26901e-007 1.63714
1.27101e-007 1.64046
1.27301e-007 1.64046
1.27501e-007 1.64046
1.27701e-007 1.63714
1.27901e-007 1.63714
1.28101e-007 1.63714
1.28301e-007 1.63714
1.28501e-007 1.63714
1.28701e-007 1.64046
1.28901e-007 1.64378
1.29101e-007 1.64046
1.29301e-007 1.63714
1.29501e-007 1.64378
1.29701e-007 1.63714
1.29901e-007 1.64046
1.30101e-007 1.63382
1.30301e-007 1.63714
1.30501e-007 1.64046
1.30701e-007 1.63714
1.30901e-007 1.63714
1.31101e-007 1.63714
1.31301e-007 1.63714
1.31501e-007 1.63714
1.31701e-007 1.63714
1.31901e-007 1.64046
1.32101e-007 1.63714
1.32301e-007 1.64046
1.32501e-007 1.64046
1.32701e-007 1.64046
1.32901e-007 1.64046
1.33101e-007 1.63714
1.33301e-007 1.63382
1.33501e-007 1.63382
1.33701e-007 1.63382
1.33901e-007 1.63714
1.34101e-007 1.63714
1.34301e-007 1.64046
1.34501e-007 1.64046
1.34701e-007 1.63714
1.34901e-007 1.64046
1.35101e-007 1.64378
1.35301e-007 1.63714
1.35501e-007 1.64378
1.35701e-007 1.63714
1.35901e-007 1.63714
1.36101e-007 1.63714
1.36301e-007 1.63714
1.36501e-007 1.64046
1.36701e-007 1.64046
1.36901e-007 1.64046
1.37101e-007 1.63382
1.37301e-007 1.64046
1.37501e-007 1.64378
1.37701e-007 1.63714
1.37901e-007 1.64046
1.38101e-007 1.63714
1.38301e-007 1.64046
1.38501e-007 1.64046
1.38701e-007 1.64046
1.38901e-007 1.64046
1.39101e-007 1.64046
1.39301e-007 1.64046
1.39501e-007 1.64046
1.39701e-007 1.64046
1.39901e-007 1.64046
1.40101e-007 1.63714
1.40301e-007 1.64046
1.40501e-007 1.63714
1.40701e-007 1.64046
1.40901e-007 1.63714
1.41101e-007 1.64046
1.41301e-007 1.63714
1.41501e-007 1.64046
1.41701e-007 1.64046
1.41901e-007 1.64046
1.42101e-007 1.64046
1.42301e-007 1.64046
1.42501e-007 1.63714
1.42701e-007 1.63714
1.42901e-007 1.63714
1.43101e-007 1.64046
1.43301e-007 1.64046
1.43501e-007 1.63714
1.43701e-007 1.63714
1.43901e-007 1.63714
1.44101e-007 1.63714
1.44301e-007 1.64046
1.44501e-007 1.63714
1.44701e-007 1.64046
1.44901e-007 1.64046
1.45101e-007 1.64378
1.45301e-007 1.63714
1.45501e-007 1.64046
1.45701e-007 1.64378
1.45901e-007 1.64046
1.46101e-007 1.64046
1.46301e-007 1.64046
1.46501e-007 1.63714
1.46701e-007 1.64046
1.46901e-007 1.64046
1.47101e-007 1.64046
1.47301e-007 1.64046
1.47501e-007 1.64046
1.47701e-007 1.64046
1.47901e-007 1.64046
1.48101e-007 1.64046
1.48301e-007 1.64378
1.48501e-007 1.63714
