LECROYWS44MXs-B 69584 Waveform
Segments 1 SegmentSize 1002
Segment TrigTime TimeSinceSegment1
#1 24-Jun-2015 00:45:49 0                 
Time Ampl
-5.16858e-008 1.64378
-5.14858e-008 1.6471
-5.12858e-008 1.6471
-5.10858e-008 1.65042
-5.08858e-008 1.64046
-5.06858e-008 1.6471
-5.04858e-008 1.64378
-5.02858e-008 1.64378
-5.00858e-008 1.64378
-4.98858e-008 1.64046
-4.96858e-008 1.64046
-4.94858e-008 1.64378
-4.92858e-008 1.63714
-4.90858e-008 1.64046
-4.88858e-008 1.63714
-4.86858e-008 1.64046
-4.84858e-008 1.64046
-4.82858e-008 1.64046
-4.80858e-008 1.64046
-4.78858e-008 1.64378
-4.76858e-008 1.64046
-4.74858e-008 1.64378
-4.72858e-008 1.64378
-4.70858e-008 1.6471
-4.68858e-008 1.65042
-4.66858e-008 1.6471
-4.64858e-008 1.64046
-4.62858e-008 1.6471
-4.60858e-008 1.64378
-4.58858e-008 1.6471
-4.56858e-008 1.64378
-4.54858e-008 1.64378
-4.52858e-008 1.64378
-4.50858e-008 1.6471
-4.48858e-008 1.64378
-4.46858e-008 1.64378
-4.44858e-008 1.64378
-4.42858e-008 1.6471
-4.40858e-008 1.6471
-4.38858e-008 1.64378
-4.36858e-008 1.64378
-4.34858e-008 1.6471
-4.32858e-008 1.64046
-4.30858e-008 1.64378
-4.28858e-008 1.64378
-4.26858e-008 1.6471
-4.24858e-008 1.6471
-4.22858e-008 1.6471
-4.20858e-008 1.64378
-4.18858e-008 1.64378
-4.16858e-008 1.65042
-4.14858e-008 1.6471
-4.12858e-008 1.6471
-4.10858e-008 1.6471
-4.08858e-008 1.6471
-4.06858e-008 1.64378
-4.04858e-008 1.64378
-4.02858e-008 1.6471
-4.00858e-008 1.64378
-3.98858e-008 1.65042
-3.96858e-008 1.6471
-3.94858e-008 1.64378
-3.92858e-008 1.64378
-3.90858e-008 1.64378
-3.88858e-008 1.64378
-3.86858e-008 1.64378
-3.84858e-008 1.64378
-3.82858e-008 1.6471
-3.80858e-008 1.65042
-3.78858e-008 1.6471
-3.76858e-008 1.65042
-3.74858e-008 1.65042
-3.72858e-008 1.6471
-3.70858e-008 1.6471
-3.68858e-008 1.64378
-3.66858e-008 1.6471
-3.64858e-008 1.64378
-3.62858e-008 1.6471
-3.60858e-008 1.64378
-3.58858e-008 1.64378
-3.56858e-008 1.64378
-3.54858e-008 1.64378
-3.52858e-008 1.64378
-3.50858e-008 1.64378
-3.48858e-008 1.64378
-3.46858e-008 1.6471
-3.44858e-008 1.63714
-3.42858e-008 1.64046
-3.40858e-008 1.64378
-3.38858e-008 1.6471
-3.36858e-008 1.64378
-3.34858e-008 1.6471
-3.32858e-008 1.6471
-3.30858e-008 1.64378
-3.28858e-008 1.6471
-3.26858e-008 1.64378
-3.24858e-008 1.64378
-3.22858e-008 1.6471
-3.20858e-008 1.64378
-3.18858e-008 1.6471
-3.16858e-008 1.64378
-3.14858e-008 1.6471
-3.12858e-008 1.64378
-3.10858e-008 1.6471
-3.08858e-008 1.6471
-3.06858e-008 1.6471
-3.04858e-008 1.6471
-3.02858e-008 1.64046
-3.00858e-008 1.64378
-2.98858e-008 1.6471
-2.96858e-008 1.64378
-2.94858e-008 1.64378
-2.92858e-008 1.64378
-2.90858e-008 1.6471
-2.88858e-008 1.6471
-2.86858e-008 1.6471
-2.84858e-008 1.65042
-2.82858e-008 1.6471
-2.80858e-008 1.6471
-2.78858e-008 1.65042
-2.76858e-008 1.64378
-2.74858e-008 1.64378
-2.72858e-008 1.64378
-2.70858e-008 1.6471
-2.68858e-008 1.64378
-2.66858e-008 1.6471
-2.64858e-008 1.6471
-2.62858e-008 1.64378
-2.60858e-008 1.64378
-2.58858e-008 1.6471
-2.56858e-008 1.6471
-2.54858e-008 1.65042
-2.52858e-008 1.64378
-2.50858e-008 1.64378
-2.48858e-008 1.64378
-2.46858e-008 1.64046
-2.44858e-008 1.64046
-2.42858e-008 1.64046
-2.40858e-008 1.64046
-2.38858e-008 1.64046
-2.36858e-008 1.64046
-2.34858e-008 1.64378
-2.32858e-008 1.64046
-2.30858e-008 1.64378
-2.28858e-008 1.6471
-2.26858e-008 1.64378
-2.24858e-008 1.64378
-2.22858e-008 1.6471
-2.20858e-008 1.64378
-2.18858e-008 1.65042
-2.16858e-008 1.6471
-2.14858e-008 1.6471
-2.12858e-008 1.65042
-2.10858e-008 1.6471
-2.08858e-008 1.64378
-2.06858e-008 1.64378
-2.04858e-008 1.64378
-2.02858e-008 1.64378
-2.00858e-008 1.63714
-1.98858e-008 1.64378
-1.96858e-008 1.64046
-1.94858e-008 1.64378
-1.92858e-008 1.64378
-1.90858e-008 1.6471
-1.88858e-008 1.64378
-1.86858e-008 1.6471
-1.84858e-008 1.64378
-1.82858e-008 1.6471
-1.80858e-008 1.64378
-1.78858e-008 1.64378
-1.76858e-008 1.64378
-1.74858e-008 1.64046
-1.72858e-008 1.64378
-1.70858e-008 1.65042
-1.68858e-008 1.64378
-1.66858e-008 1.64378
-1.64858e-008 1.64378
-1.62858e-008 1.6471
-1.60858e-008 1.6471
-1.58858e-008 1.6471
-1.56858e-008 1.64378
-1.54858e-008 1.64378
-1.52858e-008 1.64046
-1.50858e-008 1.6471
-1.48858e-008 1.64378
-1.46858e-008 1.64378
-1.44858e-008 1.64378
-1.42858e-008 1.6471
-1.40858e-008 1.64046
-1.38858e-008 1.64046
-1.36858e-008 1.64378
-1.34858e-008 1.64378
-1.32858e-008 1.64378
-1.30858e-008 1.6471
-1.28858e-008 1.64378
-1.26858e-008 1.64378
-1.24858e-008 1.64046
-1.22858e-008 1.64378
-1.20858e-008 1.64378
-1.18858e-008 1.64378
-1.16858e-008 1.6471
-1.14858e-008 1.6471
-1.12858e-008 1.64378
-1.10858e-008 1.6471
-1.08858e-008 1.64046
-1.06858e-008 1.64046
-1.04858e-008 1.64046
-1.02858e-008 1.6471
-1.00858e-008 1.64378
-9.88575e-009 1.6471
-9.68575e-009 1.64378
-9.48575e-009 1.6471
-9.28575e-009 1.64378
-9.08575e-009 1.6471
-8.88575e-009 1.64378
-8.68575e-009 1.64046
-8.48575e-009 1.64378
-8.28575e-009 1.64378
-8.08575e-009 1.64046
-7.88575e-009 1.64378
-7.68575e-009 1.64378
-7.48575e-009 1.6471
-7.28575e-009 1.65042
-7.08575e-009 1.65042
-6.88575e-009 1.65042
-6.68575e-009 1.65042
-6.48575e-009 1.65042
-6.28575e-009 1.65374
-6.08575e-009 1.65706
-5.88575e-009 1.65706
-5.68575e-009 1.65706
-5.48575e-009 1.66039
-5.28575e-009 1.66371
-5.08575e-009 1.66371
-4.88575e-009 1.67035
-4.68575e-009 1.67367
-4.48575e-009 1.67367
-4.28575e-009 1.67699
-4.08575e-009 1.68363
-3.88575e-009 1.69027
-3.68575e-009 1.6936
-3.48575e-009 1.70356
-3.28575e-009 1.7102
-3.08575e-009 1.71352
-2.88575e-009 1.72016
-2.68575e-009 1.7268
-2.48575e-009 1.7268
-2.28575e-009 1.73677
-2.08575e-009 1.74341
-1.88575e-009 1.74673
-1.68575e-009 1.75337
-1.48575e-009 1.76333
-1.28575e-009 1.76998
-1.08575e-009 1.77994
-8.85753e-010 1.78326
-6.85753e-010 1.79322
-4.85753e-010 1.79654
-2.85753e-010 1.80983
-8.57529e-011 1.81647
1.14247e-010 1.82311
3.14247e-010 1.82975
5.14247e-010 1.8364
7.14247e-010 1.84636
9.14247e-010 1.853
1.11425e-009 1.85632
1.31425e-009 1.86628
1.51425e-009 1.87625
1.71425e-009 1.87625
1.91425e-009 1.88621
2.11425e-009 1.89285
2.31425e-009 1.90281
2.51425e-009 1.90946
2.71425e-009 1.9161
2.91425e-009 1.92274
3.11425e-009 1.92938
3.31425e-009 1.9327
3.51425e-009 1.93602
3.71425e-009 1.93934
3.91425e-009 1.94267
4.11425e-009 1.94599
4.31425e-009 1.95595
4.51425e-009 1.95263
4.71425e-009 1.95595
4.91425e-009 1.95595
5.11425e-009 1.95927
5.31425e-009 1.95595
5.51425e-009 1.95927
5.71425e-009 1.96259
5.91425e-009 1.96259
6.11425e-009 1.96259
6.31425e-009 1.96591
6.51425e-009 1.96591
6.71425e-009 1.96923
6.91425e-009 1.96923
7.11425e-009 1.96591
7.31425e-009 1.96923
7.51425e-009 1.96923
7.71425e-009 1.96591
7.91425e-009 1.96591
8.11425e-009 1.96591
8.31425e-009 1.96591
8.51425e-009 1.96259
8.71425e-009 1.96259
8.91425e-009 1.95595
9.11425e-009 1.95263
9.31425e-009 1.94931
9.51425e-009 1.94267
9.71425e-009 1.94931
9.91425e-009 1.94599
1.01142e-008 1.93602
1.03142e-008 1.93602
1.05142e-008 1.92938
1.07142e-008 1.92938
1.09142e-008 1.92606
1.11142e-008 1.92606
1.13142e-008 1.92274
1.15142e-008 1.91942
1.17142e-008 1.9161
1.19142e-008 1.9161
1.21142e-008 1.90946
1.23142e-008 1.90281
1.25142e-008 1.90281
1.27142e-008 1.89617
1.29142e-008 1.89285
1.31142e-008 1.88953
1.33142e-008 1.88621
1.35142e-008 1.87625
1.37142e-008 1.87625
1.39142e-008 1.8696
1.41142e-008 1.86628
1.43142e-008 1.86296
1.45142e-008 1.85964
1.47142e-008 1.85632
1.49142e-008 1.85632
1.51142e-008 1.84636
1.53142e-008 1.84304
1.55142e-008 1.8364
1.57142e-008 1.8364
1.59142e-008 1.8364
1.61142e-008 1.82975
1.63142e-008 1.82643
1.65142e-008 1.82311
1.67142e-008 1.81979
1.69142e-008 1.81315
1.71142e-008 1.80983
1.73142e-008 1.80319
1.75142e-008 1.79654
1.77142e-008 1.79987
1.79142e-008 1.79322
1.81142e-008 1.79322
1.83142e-008 1.78326
1.85142e-008 1.78658
1.87142e-008 1.78326
1.89142e-008 1.78326
1.91142e-008 1.77662
1.93142e-008 1.77662
1.95142e-008 1.76666
1.97142e-008 1.76666
1.99142e-008 1.76666
2.01142e-008 1.76001
2.03142e-008 1.76001
2.05142e-008 1.75669
2.07142e-008 1.75337
2.09142e-008 1.75005
2.11142e-008 1.74341
2.13142e-008 1.74009
2.15142e-008 1.73677
2.17142e-008 1.73677
2.19142e-008 1.73345
2.21142e-008 1.73013
2.23142e-008 1.73013
2.25142e-008 1.72348
2.27142e-008 1.72348
2.29142e-008 1.72016
2.31142e-008 1.72016
2.33142e-008 1.71684
2.35142e-008 1.71352
2.37142e-008 1.71684
2.39142e-008 1.71352
2.41142e-008 1.70688
2.43142e-008 1.7102
2.45142e-008 1.70356
2.47142e-008 1.70356
2.49142e-008 1.69692
2.51142e-008 1.70356
2.53142e-008 1.70356
2.55142e-008 1.6936
2.57142e-008 1.69027
2.59142e-008 1.69692
2.61142e-008 1.69027
2.63142e-008 1.69027
2.65142e-008 1.68695
2.67142e-008 1.69027
2.69142e-008 1.68363
2.71142e-008 1.68363
2.73142e-008 1.68031
2.75142e-008 1.68031
2.77142e-008 1.67367
2.79142e-008 1.67035
2.81142e-008 1.67367
2.83142e-008 1.67699
2.85142e-008 1.67035
2.87142e-008 1.67367
2.89142e-008 1.66703
2.91142e-008 1.67035
2.93142e-008 1.67035
2.95142e-008 1.67035
2.97142e-008 1.66703
2.99142e-008 1.66703
3.01142e-008 1.66703
3.03142e-008 1.66371
3.05142e-008 1.66371
3.07142e-008 1.66371
3.09142e-008 1.66371
3.11142e-008 1.65706
3.13142e-008 1.66039
3.15142e-008 1.66371
3.17142e-008 1.65706
3.19142e-008 1.65706
3.21142e-008 1.65706
3.23142e-008 1.66039
3.25142e-008 1.65374
3.27142e-008 1.65374
3.29142e-008 1.65042
3.31142e-008 1.6471
3.33142e-008 1.65042
3.35142e-008 1.65042
3.37142e-008 1.65042
3.39142e-008 1.65042
3.41142e-008 1.65042
3.43142e-008 1.65374
3.45142e-008 1.65706
3.47142e-008 1.65374
3.49142e-008 1.65042
3.51142e-008 1.65374
3.53142e-008 1.6471
3.55142e-008 1.65042
3.57142e-008 1.65042
3.59142e-008 1.65042
3.61142e-008 1.65042
3.63142e-008 1.65042
3.65142e-008 1.6471
3.67142e-008 1.64378
3.69142e-008 1.6471
3.71142e-008 1.64378
3.73142e-008 1.6471
3.75142e-008 1.64378
3.77142e-008 1.64378
3.79142e-008 1.6471
3.81142e-008 1.64378
3.83142e-008 1.64046
3.85142e-008 1.64378
3.87142e-008 1.64046
3.89142e-008 1.64378
3.91142e-008 1.6471
3.93142e-008 1.64378
3.95142e-008 1.64378
3.97142e-008 1.6471
3.99142e-008 1.64378
4.01142e-008 1.64378
4.03142e-008 1.64378
4.05142e-008 1.6471
4.07142e-008 1.64378
4.09142e-008 1.6471
4.11142e-008 1.64046
4.13142e-008 1.64046
4.15142e-008 1.64046
4.17142e-008 1.64378
4.19142e-008 1.64046
4.21142e-008 1.64046
4.23142e-008 1.64046
4.25142e-008 1.64378
4.27142e-008 1.64046
4.29142e-008 1.64378
4.31142e-008 1.64046
4.33142e-008 1.64046
4.35142e-008 1.64046
4.37142e-008 1.64046
4.39142e-008 1.63714
4.41142e-008 1.63714
4.43142e-008 1.64046
4.45142e-008 1.63714
4.47142e-008 1.64046
4.49142e-008 1.63714
4.51142e-008 1.64046
4.53142e-008 1.6471
4.55142e-008 1.64046
4.57142e-008 1.63714
4.59142e-008 1.64046
4.61142e-008 1.64378
4.63142e-008 1.63714
4.65142e-008 1.63714
4.67142e-008 1.63382
4.69142e-008 1.63714
4.71142e-008 1.63714
4.73142e-008 1.63714
4.75142e-008 1.63714
4.77142e-008 1.63382
4.79142e-008 1.63382
4.81142e-008 1.63714
4.83142e-008 1.64046
4.85142e-008 1.64046
4.87142e-008 1.63714
4.89142e-008 1.64378
4.91142e-008 1.64046
4.93142e-008 1.64046
4.95142e-008 1.64046
4.97142e-008 1.6471
4.99142e-008 1.64046
5.01142e-008 1.64378
5.03142e-008 1.64378
5.05142e-008 1.64378
5.07142e-008 1.64046
5.09142e-008 1.64046
5.11142e-008 1.63714
5.13142e-008 1.63714
5.15142e-008 1.63714
5.17142e-008 1.64046
5.19142e-008 1.64046
5.21142e-008 1.63382
5.23142e-008 1.63714
5.25142e-008 1.6305
5.27142e-008 1.63382
5.29142e-008 1.63714
5.31142e-008 1.64046
5.33142e-008 1.64378
5.35142e-008 1.63714
5.37142e-008 1.63714
5.39142e-008 1.63714
5.41142e-008 1.63714
5.43142e-008 1.63714
5.45142e-008 1.63714
5.47142e-008 1.63714
5.49142e-008 1.64046
5.51142e-008 1.63714
5.53142e-008 1.63382
5.55142e-008 1.64046
5.57142e-008 1.63382
5.59142e-008 1.63714
5.61142e-008 1.63714
5.63142e-008 1.64046
5.65142e-008 1.64046
5.67142e-008 1.64046
5.69142e-008 1.64046
5.71142e-008 1.64046
5.73142e-008 1.63714
5.75142e-008 1.63714
5.77142e-008 1.63714
5.79142e-008 1.63382
5.81142e-008 1.63714
5.83142e-008 1.63382
5.85142e-008 1.63714
5.87142e-008 1.63714
5.89142e-008 1.63714
5.91142e-008 1.63382
5.93142e-008 1.63714
5.95142e-008 1.63382
5.97142e-008 1.63714
5.99142e-008 1.63382
6.01142e-008 1.63382
6.03142e-008 1.63382
6.05142e-008 1.63714
6.07142e-008 1.63714
6.09142e-008 1.63714
6.11142e-008 1.63714
6.13142e-008 1.63382
6.15142e-008 1.63714
6.17142e-008 1.64378
6.19142e-008 1.63714
6.21142e-008 1.64046
6.23142e-008 1.63714
6.25142e-008 1.63382
6.27142e-008 1.63714
6.29142e-008 1.63714
6.31142e-008 1.63714
6.33142e-008 1.64046
6.35142e-008 1.64378
6.37142e-008 1.64046
6.39142e-008 1.64046
6.41142e-008 1.64046
6.43142e-008 1.63714
6.45142e-008 1.64378
6.47142e-008 1.63714
6.49142e-008 1.64046
6.51142e-008 1.64046
6.53142e-008 1.64046
6.55142e-008 1.63714
6.57142e-008 1.63714
6.59142e-008 1.63714
6.61142e-008 1.63714
6.63142e-008 1.64046
6.65142e-008 1.63714
6.67142e-008 1.63714
6.69142e-008 1.63382
6.71142e-008 1.6305
6.73142e-008 1.64046
6.75142e-008 1.64046
6.77142e-008 1.63714
6.79142e-008 1.63714
6.81142e-008 1.64046
6.83142e-008 1.63714
6.85142e-008 1.63714
6.87142e-008 1.63382
6.89142e-008 1.63714
6.91142e-008 1.64046
6.93142e-008 1.63714
6.95142e-008 1.63714
6.97142e-008 1.63714
6.99142e-008 1.63382
7.01142e-008 1.63714
7.03142e-008 1.64046
7.05142e-008 1.64046
7.07142e-008 1.64046
7.09142e-008 1.63714
7.11142e-008 1.64046
7.13142e-008 1.63714
7.15142e-008 1.63714
7.17142e-008 1.63714
7.19142e-008 1.63714
7.21142e-008 1.64046
7.23142e-008 1.63714
7.25142e-008 1.64378
7.27142e-008 1.63714
7.29142e-008 1.63714
7.31142e-008 1.64046
7.33142e-008 1.64046
7.35142e-008 1.63714
7.37142e-008 1.64046
7.39142e-008 1.64378
7.41142e-008 1.64046
7.43142e-008 1.63714
7.45142e-008 1.64046
7.47142e-008 1.64046
7.49142e-008 1.64046
7.51142e-008 1.64046
7.53142e-008 1.63714
7.55142e-008 1.63714
7.57142e-008 1.63714
7.59142e-008 1.63714
7.61142e-008 1.64046
7.63142e-008 1.64046
7.65142e-008 1.64378
7.67142e-008 1.64046
7.69142e-008 1.64378
7.71142e-008 1.64046
7.73142e-008 1.64378
7.75142e-008 1.64046
7.77142e-008 1.64378
7.79142e-008 1.64046
7.81142e-008 1.63714
7.83142e-008 1.64046
7.85142e-008 1.64046
7.87142e-008 1.64378
7.89142e-008 1.64378
7.91142e-008 1.64046
7.93142e-008 1.64378
7.95142e-008 1.64046
7.97142e-008 1.6471
7.99142e-008 1.64378
8.01142e-008 1.64378
8.03142e-008 1.64378
8.05142e-008 1.64378
8.07142e-008 1.64046
8.09142e-008 1.64046
8.11142e-008 1.64046
8.13142e-008 1.64046
8.15142e-008 1.64046
8.17142e-008 1.63714
8.19142e-008 1.64046
8.21142e-008 1.64378
8.23142e-008 1.64046
8.25142e-008 1.64046
8.27142e-008 1.64046
8.29142e-008 1.64046
8.31142e-008 1.64046
8.33142e-008 1.64046
8.35142e-008 1.64046
8.37142e-008 1.64046
8.39142e-008 1.64046
8.41142e-008 1.64378
8.43142e-008 1.64046
8.45142e-008 1.64378
8.47142e-008 1.63714
8.49142e-008 1.63714
8.51142e-008 1.64046
8.53142e-008 1.64046
8.55142e-008 1.63382
8.57142e-008 1.63714
8.59142e-008 1.63382
8.61142e-008 1.63382
8.63142e-008 1.63714
8.65142e-008 1.63382
8.67142e-008 1.63382
8.69142e-008 1.63714
8.71142e-008 1.63714
8.73142e-008 1.63714
8.75142e-008 1.63382
8.77142e-008 1.64046
8.79142e-008 1.64378
8.81142e-008 1.63714
8.83142e-008 1.63714
8.85142e-008 1.63714
8.87142e-008 1.63714
8.89142e-008 1.63714
8.91142e-008 1.63382
8.93142e-008 1.63714
8.95142e-008 1.64046
8.97142e-008 1.63382
8.99142e-008 1.63382
9.01142e-008 1.63382
9.03142e-008 1.63714
9.05142e-008 1.6305
9.07142e-008 1.63382
9.09142e-008 1.6305
9.11142e-008 1.63382
9.13142e-008 1.6305
9.15142e-008 1.63382
9.17142e-008 1.63382
9.19142e-008 1.63382
9.21142e-008 1.63714
9.23142e-008 1.63714
9.25142e-008 1.63382
9.27142e-008 1.64046
9.29142e-008 1.63714
9.31142e-008 1.63714
9.33142e-008 1.63382
9.35142e-008 1.63382
9.37142e-008 1.63714
9.39142e-008 1.6305
9.41142e-008 1.63382
9.43142e-008 1.63382
9.45142e-008 1.63382
9.47142e-008 1.63382
9.49142e-008 1.63714
9.51142e-008 1.63714
9.53142e-008 1.63714
9.55142e-008 1.63714
9.57142e-008 1.63714
9.59142e-008 1.63714
9.61142e-008 1.64046
9.63142e-008 1.63714
9.65142e-008 1.63714
9.67142e-008 1.63382
9.69142e-008 1.63714
9.71142e-008 1.63714
9.73142e-008 1.63382
9.75142e-008 1.63714
9.77142e-008 1.63382
9.79142e-008 1.63714
9.81142e-008 1.6305
9.83142e-008 1.63382
9.85142e-008 1.63714
9.87142e-008 1.6305
9.89142e-008 1.6305
9.91142e-008 1.6305
9.93142e-008 1.6305
9.95142e-008 1.6305
9.97142e-008 1.6305
9.99142e-008 1.6305
1.00114e-007 1.6305
1.00314e-007 1.6305
1.00514e-007 1.63714
1.00714e-007 1.63714
1.00914e-007 1.63714
1.01114e-007 1.64046
1.01314e-007 1.63382
1.01514e-007 1.63382
1.01714e-007 1.63714
1.01914e-007 1.63714
1.02114e-007 1.63714
1.02314e-007 1.63382
1.02514e-007 1.63714
1.02714e-007 1.6305
1.02914e-007 1.6305
1.03114e-007 1.6305
1.03314e-007 1.63714
1.03514e-007 1.63382
1.03714e-007 1.63382
1.03914e-007 1.63382
1.04114e-007 1.63382
1.04314e-007 1.63382
1.04514e-007 1.63382
1.04714e-007 1.63714
1.04914e-007 1.63714
1.05114e-007 1.64046
1.05314e-007 1.64046
1.05514e-007 1.64046
1.05714e-007 1.63714
1.05914e-007 1.63714
1.06114e-007 1.63714
1.06314e-007 1.63382
1.06514e-007 1.63382
1.06714e-007 1.63382
1.06914e-007 1.63714
1.07114e-007 1.63714
1.07314e-007 1.63714
1.07514e-007 1.63714
1.07714e-007 1.63714
1.07914e-007 1.63714
1.08114e-007 1.64378
1.08314e-007 1.63714
1.08514e-007 1.63714
1.08714e-007 1.63714
1.08914e-007 1.63714
1.09114e-007 1.64046
1.09314e-007 1.64378
1.09514e-007 1.64046
1.09714e-007 1.63714
1.09914e-007 1.63382
1.10114e-007 1.63714
1.10314e-007 1.63382
1.10514e-007 1.63714
1.10714e-007 1.63382
1.10914e-007 1.63714
1.11114e-007 1.63382
1.11314e-007 1.63382
1.11514e-007 1.63382
1.11714e-007 1.63382
1.11914e-007 1.63382
1.12114e-007 1.64046
1.12314e-007 1.64046
1.12514e-007 1.63714
1.12714e-007 1.63714
1.12914e-007 1.64046
1.13114e-007 1.63714
1.13314e-007 1.63714
1.13514e-007 1.63714
1.13714e-007 1.63714
1.13914e-007 1.63714
1.14114e-007 1.63382
1.14314e-007 1.63382
1.14514e-007 1.64046
1.14714e-007 1.63382
1.14914e-007 1.63714
1.15114e-007 1.63382
1.15314e-007 1.63714
1.15514e-007 1.64046
1.15714e-007 1.63714
1.15914e-007 1.64046
1.16114e-007 1.63714
1.16314e-007 1.63714
1.16514e-007 1.64046
1.16714e-007 1.63714
1.16914e-007 1.64046
1.17114e-007 1.64046
1.17314e-007 1.64378
1.17514e-007 1.63714
1.17714e-007 1.63714
1.17914e-007 1.64046
1.18114e-007 1.64046
1.18314e-007 1.64046
1.18514e-007 1.63714
1.18714e-007 1.64046
1.18914e-007 1.6471
1.19114e-007 1.64046
1.19314e-007 1.64378
1.19514e-007 1.64046
1.19714e-007 1.64378
1.19914e-007 1.64046
1.20114e-007 1.64046
1.20314e-007 1.64046
1.20514e-007 1.63714
1.20714e-007 1.64046
1.20914e-007 1.63714
1.21114e-007 1.63382
1.21314e-007 1.64046
1.21514e-007 1.64046
1.21714e-007 1.64046
1.21914e-007 1.63714
1.22114e-007 1.64378
1.22314e-007 1.64046
1.22514e-007 1.64378
1.22714e-007 1.64046
1.22914e-007 1.64378
1.23114e-007 1.64046
1.23314e-007 1.64378
1.23514e-007 1.64046
1.23714e-007 1.64046
1.23914e-007 1.64046
1.24114e-007 1.63714
1.24314e-007 1.64046
1.24514e-007 1.64046
1.24714e-007 1.63714
1.24914e-007 1.64378
1.25114e-007 1.64046
1.25314e-007 1.64046
1.25514e-007 1.63714
1.25714e-007 1.63714
1.25914e-007 1.63714
1.26114e-007 1.63714
1.26314e-007 1.63714
1.26514e-007 1.63382
1.26714e-007 1.64046
1.26914e-007 1.64046
1.27114e-007 1.64046
1.27314e-007 1.64046
1.27514e-007 1.64046
1.27714e-007 1.64378
1.27914e-007 1.64378
1.28114e-007 1.64046
1.28314e-007 1.64046
1.28514e-007 1.64378
1.28714e-007 1.64046
1.28914e-007 1.64046
1.29114e-007 1.64046
1.29314e-007 1.63714
1.29514e-007 1.63382
1.29714e-007 1.63714
1.29914e-007 1.63714
1.30114e-007 1.64046
1.30314e-007 1.64046
1.30514e-007 1.64046
1.30714e-007 1.64046
1.30914e-007 1.64046
1.31114e-007 1.64046
1.31314e-007 1.64046
1.31514e-007 1.64046
1.31714e-007 1.63714
1.31914e-007 1.63714
1.32114e-007 1.64046
1.32314e-007 1.63714
1.32514e-007 1.63714
1.32714e-007 1.64046
1.32914e-007 1.64378
1.33114e-007 1.64046
1.33314e-007 1.64046
1.33514e-007 1.63714
1.33714e-007 1.64046
1.33914e-007 1.63714
1.34114e-007 1.63714
1.34314e-007 1.63714
1.34514e-007 1.64046
1.34714e-007 1.63714
1.34914e-007 1.63714
1.35114e-007 1.63714
1.35314e-007 1.64046
1.35514e-007 1.64378
1.35714e-007 1.64046
1.35914e-007 1.63382
1.36114e-007 1.63382
1.36314e-007 1.63382
1.36514e-007 1.63382
1.36714e-007 1.63714
1.36914e-007 1.63714
1.37114e-007 1.64046
1.37314e-007 1.63714
1.37514e-007 1.64046
1.37714e-007 1.64378
1.37914e-007 1.63714
1.38114e-007 1.64046
1.38314e-007 1.63714
1.38514e-007 1.63714
1.38714e-007 1.63714
1.38914e-007 1.64046
1.39114e-007 1.63714
1.39314e-007 1.63714
1.39514e-007 1.64046
1.39714e-007 1.63714
1.39914e-007 1.63714
1.40114e-007 1.63714
1.40314e-007 1.63714
1.40514e-007 1.64046
1.40714e-007 1.64046
1.40914e-007 1.64046
1.41114e-007 1.63714
1.41314e-007 1.64046
1.41514e-007 1.63714
1.41714e-007 1.64378
1.41914e-007 1.64046
1.42114e-007 1.64378
1.42314e-007 1.64046
1.42514e-007 1.64046
1.42714e-007 1.63714
1.42914e-007 1.64378
1.43114e-007 1.64378
1.43314e-007 1.64378
1.43514e-007 1.64378
1.43714e-007 1.64046
1.43914e-007 1.64046
1.44114e-007 1.64046
1.44314e-007 1.64378
1.44514e-007 1.64378
1.44714e-007 1.63714
1.44914e-007 1.64046
1.45114e-007 1.63382
1.45314e-007 1.64046
1.45514e-007 1.63714
1.45714e-007 1.63714
1.45914e-007 1.63714
1.46114e-007 1.64046
1.46314e-007 1.64046
1.46514e-007 1.64046
1.46714e-007 1.63714
1.46914e-007 1.64046
1.47114e-007 1.64046
1.47314e-007 1.64046
1.47514e-007 1.64046
1.47714e-007 1.6471
1.47914e-007 1.63714
1.48114e-007 1.64378
1.48314e-007 1.63714
1.48514e-007 1.64046
