LECROYWS44MXs-B 69584 Waveform
Segments 1 SegmentSize 1002
Segment TrigTime TimeSinceSegment1
#1 24-Jun-2015 00:52:07 0                 
Time Ampl
-5.17892e-008 1.6471
-5.15892e-008 1.65042
-5.13892e-008 1.65042
-5.11892e-008 1.64378
-5.09892e-008 1.65042
-5.07892e-008 1.6471
-5.05892e-008 1.64378
-5.03892e-008 1.6471
-5.01892e-008 1.64378
-4.99892e-008 1.64378
-4.97892e-008 1.6471
-4.95892e-008 1.65042
-4.93892e-008 1.65042
-4.91892e-008 1.65042
-4.89892e-008 1.6471
-4.87892e-008 1.64378
-4.85892e-008 1.6471
-4.83892e-008 1.64378
-4.81892e-008 1.6471
-4.79892e-008 1.64378
-4.77892e-008 1.65042
-4.75892e-008 1.65042
-4.73892e-008 1.65042
-4.71892e-008 1.6471
-4.69892e-008 1.65042
-4.67892e-008 1.64378
-4.65892e-008 1.64378
-4.63892e-008 1.6471
-4.61892e-008 1.64378
-4.59892e-008 1.6471
-4.57892e-008 1.6471
-4.55892e-008 1.65042
-4.53892e-008 1.65042
-4.51892e-008 1.6471
-4.49892e-008 1.6471
-4.47892e-008 1.64046
-4.45892e-008 1.6471
-4.43892e-008 1.64378
-4.41892e-008 1.6471
-4.39892e-008 1.6471
-4.37892e-008 1.65042
-4.35892e-008 1.64378
-4.33892e-008 1.65042
-4.31892e-008 1.6471
-4.29892e-008 1.65042
-4.27892e-008 1.6471
-4.25892e-008 1.65042
-4.23892e-008 1.65042
-4.21892e-008 1.6471
-4.19892e-008 1.64378
-4.17892e-008 1.65042
-4.15892e-008 1.65042
-4.13892e-008 1.6471
-4.11892e-008 1.64378
-4.09892e-008 1.65042
-4.07892e-008 1.64378
-4.05892e-008 1.6471
-4.03892e-008 1.64046
-4.01892e-008 1.6471
-3.99892e-008 1.6471
-3.97892e-008 1.6471
-3.95892e-008 1.65042
-3.93892e-008 1.65042
-3.91892e-008 1.65042
-3.89892e-008 1.65042
-3.87892e-008 1.6471
-3.85892e-008 1.6471
-3.83892e-008 1.64378
-3.81892e-008 1.6471
-3.79892e-008 1.64378
-3.77892e-008 1.65042
-3.75892e-008 1.64046
-3.73892e-008 1.6471
-3.71892e-008 1.64378
-3.69892e-008 1.6471
-3.67892e-008 1.64378
-3.65892e-008 1.64378
-3.63892e-008 1.64378
-3.61892e-008 1.65042
-3.59892e-008 1.65042
-3.57892e-008 1.65042
-3.55892e-008 1.6471
-3.53892e-008 1.65042
-3.51892e-008 1.65042
-3.49892e-008 1.65042
-3.47892e-008 1.6471
-3.45892e-008 1.65042
-3.43892e-008 1.65042
-3.41892e-008 1.65042
-3.39892e-008 1.65042
-3.37892e-008 1.65042
-3.35892e-008 1.6471
-3.33892e-008 1.6471
-3.31892e-008 1.64378
-3.29892e-008 1.6471
-3.27892e-008 1.65042
-3.25892e-008 1.65042
-3.23892e-008 1.65042
-3.21892e-008 1.6471
-3.19892e-008 1.65042
-3.17892e-008 1.65374
-3.15892e-008 1.65042
-3.13892e-008 1.65374
-3.11892e-008 1.65042
-3.09892e-008 1.65042
-3.07892e-008 1.65042
-3.05892e-008 1.65042
-3.03892e-008 1.65042
-3.01892e-008 1.65042
-2.99892e-008 1.64378
-2.97892e-008 1.6471
-2.95892e-008 1.6471
-2.93892e-008 1.65042
-2.91892e-008 1.64378
-2.89892e-008 1.6471
-2.87892e-008 1.64378
-2.85892e-008 1.64378
-2.83892e-008 1.64378
-2.81892e-008 1.6471
-2.79892e-008 1.64378
-2.77892e-008 1.6471
-2.75892e-008 1.64378
-2.73892e-008 1.64378
-2.71892e-008 1.6471
-2.69892e-008 1.65042
-2.67892e-008 1.6471
-2.65892e-008 1.6471
-2.63892e-008 1.64378
-2.61892e-008 1.64378
-2.59892e-008 1.64378
-2.57892e-008 1.6471
-2.55892e-008 1.64378
-2.53892e-008 1.65042
-2.51892e-008 1.64378
-2.49892e-008 1.6471
-2.47892e-008 1.65042
-2.45892e-008 1.6471
-2.43892e-008 1.6471
-2.41892e-008 1.65042
-2.39892e-008 1.65042
-2.37892e-008 1.6471
-2.35892e-008 1.65042
-2.33892e-008 1.64378
-2.31892e-008 1.64378
-2.29892e-008 1.6471
-2.27892e-008 1.64046
-2.25892e-008 1.64378
-2.23892e-008 1.64378
-2.21892e-008 1.6471
-2.19892e-008 1.64378
-2.17892e-008 1.6471
-2.15892e-008 1.6471
-2.13892e-008 1.6471
-2.11892e-008 1.6471
-2.09892e-008 1.65042
-2.07892e-008 1.64378
-2.05892e-008 1.6471
-2.03892e-008 1.6471
-2.01892e-008 1.6471
-1.99892e-008 1.64378
-1.97892e-008 1.6471
-1.95892e-008 1.64378
-1.93892e-008 1.65042
-1.91892e-008 1.64378
-1.89892e-008 1.65042
-1.87892e-008 1.6471
-1.85892e-008 1.6471
-1.83892e-008 1.64378
-1.81892e-008 1.6471
-1.79892e-008 1.64378
-1.77892e-008 1.64378
-1.75892e-008 1.6471
-1.73892e-008 1.65042
-1.71892e-008 1.64378
-1.69892e-008 1.64378
-1.67892e-008 1.6471
-1.65892e-008 1.65042
-1.63892e-008 1.65042
-1.61892e-008 1.65042
-1.59892e-008 1.6471
-1.57892e-008 1.65042
-1.55892e-008 1.65042
-1.53892e-008 1.6471
-1.51892e-008 1.6471
-1.49892e-008 1.64378
-1.47892e-008 1.6471
-1.45892e-008 1.6471
-1.43892e-008 1.65042
-1.41892e-008 1.65042
-1.39892e-008 1.65042
-1.37892e-008 1.65042
-1.35892e-008 1.6471
-1.33892e-008 1.6471
-1.31892e-008 1.64378
-1.29892e-008 1.6471
-1.27892e-008 1.6471
-1.25892e-008 1.6471
-1.23892e-008 1.64378
-1.21892e-008 1.6471
-1.19892e-008 1.6471
-1.17892e-008 1.6471
-1.15892e-008 1.65042
-1.13892e-008 1.65042
-1.11892e-008 1.65042
-1.09892e-008 1.65042
-1.07892e-008 1.6471
-1.05892e-008 1.65042
-1.03892e-008 1.65042
-1.01892e-008 1.6471
-9.98915e-009 1.6471
-9.78915e-009 1.6471
-9.58915e-009 1.65042
-9.38915e-009 1.65042
-9.18915e-009 1.6471
-8.98915e-009 1.6471
-8.78915e-009 1.64378
-8.58915e-009 1.65042
-8.38915e-009 1.65042
-8.18915e-009 1.65042
-7.98915e-009 1.6471
-7.78915e-009 1.65042
-7.58915e-009 1.65042
-7.38915e-009 1.6471
-7.18915e-009 1.65042
-6.98915e-009 1.65042
-6.78915e-009 1.65374
-6.58915e-009 1.65374
-6.38915e-009 1.65374
-6.18915e-009 1.65706
-5.98915e-009 1.65374
-5.78915e-009 1.65706
-5.58915e-009 1.66039
-5.38915e-009 1.66371
-5.18915e-009 1.66039
-4.98915e-009 1.67035
-4.78915e-009 1.67035
-4.58915e-009 1.67367
-4.38915e-009 1.67699
-4.18915e-009 1.68363
-3.98915e-009 1.68363
-3.78915e-009 1.68695
-3.58915e-009 1.6936
-3.38915e-009 1.69692
-3.18915e-009 1.70356
-2.98915e-009 1.7102
-2.78915e-009 1.71352
-2.58915e-009 1.72348
-2.38915e-009 1.7268
-2.18915e-009 1.73677
-1.98915e-009 1.74341
-1.78915e-009 1.75005
-1.58915e-009 1.75669
-1.38915e-009 1.76666
-1.18915e-009 1.77662
-9.89151e-010 1.78326
-7.89151e-010 1.7899
-5.89151e-010 1.79654
-3.89151e-010 1.80651
-1.89151e-010 1.81315
1.08487e-011 1.81647
2.10849e-010 1.82643
4.10849e-010 1.8364
6.10849e-010 1.84636
8.10849e-010 1.853
1.01085e-009 1.85964
1.21085e-009 1.8696
1.41085e-009 1.87293
1.61085e-009 1.87957
1.81085e-009 1.88621
2.01085e-009 1.89285
2.21085e-009 1.90281
2.41085e-009 1.90946
2.61085e-009 1.9161
2.81085e-009 1.92606
3.01085e-009 1.92606
3.21085e-009 1.93602
3.41085e-009 1.93934
3.61085e-009 1.94599
3.81085e-009 1.94267
4.01085e-009 1.94931
4.21085e-009 1.94931
4.41085e-009 1.96259
4.61085e-009 1.95927
4.81085e-009 1.95927
5.01085e-009 1.96591
5.21085e-009 1.96259
5.41085e-009 1.96591
5.61085e-009 1.96591
5.81085e-009 1.96923
6.01085e-009 1.97255
6.21085e-009 1.97255
6.41085e-009 1.97587
6.61085e-009 1.9792
6.81085e-009 1.97587
7.01085e-009 1.98252
7.21085e-009 1.97587
7.41085e-009 1.9792
7.61085e-009 1.97587
7.81085e-009 1.97587
8.01085e-009 1.9792
8.21085e-009 1.97587
8.41085e-009 1.97587
8.61085e-009 1.95927
8.81085e-009 1.96259
9.01085e-009 1.96259
9.21085e-009 1.95927
9.41085e-009 1.95927
9.61085e-009 1.95595
9.81085e-009 1.95263
1.00108e-008 1.95263
1.02108e-008 1.94267
1.04108e-008 1.94267
1.06108e-008 1.93934
1.08108e-008 1.93934
1.10108e-008 1.92938
1.12108e-008 1.92938
1.14108e-008 1.92274
1.16108e-008 1.92274
1.18108e-008 1.91942
1.20108e-008 1.91278
1.22108e-008 1.90946
1.24108e-008 1.90946
1.26108e-008 1.89949
1.28108e-008 1.89617
1.30108e-008 1.89285
1.32108e-008 1.88621
1.34108e-008 1.88621
1.36108e-008 1.88289
1.38108e-008 1.8696
1.40108e-008 1.8696
1.42108e-008 1.86628
1.44108e-008 1.86628
1.46108e-008 1.86296
1.48108e-008 1.85964
1.50108e-008 1.853
1.52108e-008 1.853
1.54108e-008 1.84636
1.56108e-008 1.84636
1.58108e-008 1.83972
1.60108e-008 1.8364
1.62108e-008 1.82975
1.64108e-008 1.82643
1.66108e-008 1.82643
1.68108e-008 1.81979
1.70108e-008 1.81647
1.72108e-008 1.81315
1.74108e-008 1.80983
1.76108e-008 1.80319
1.78108e-008 1.80319
1.80108e-008 1.79654
1.82108e-008 1.79322
1.84108e-008 1.78658
1.86108e-008 1.78658
1.88108e-008 1.78326
1.90108e-008 1.77662
1.92108e-008 1.77662
1.94108e-008 1.7733
1.96108e-008 1.76998
1.98108e-008 1.76998
2.00108e-008 1.76666
2.02108e-008 1.76333
2.04108e-008 1.76001
2.06108e-008 1.75669
2.08108e-008 1.75337
2.10108e-008 1.74341
2.12108e-008 1.74673
2.14108e-008 1.73677
2.16108e-008 1.73345
2.18108e-008 1.73677
2.20108e-008 1.73013
2.22108e-008 1.72348
2.24108e-008 1.72348
2.26108e-008 1.71684
2.28108e-008 1.72016
2.30108e-008 1.71684
2.32108e-008 1.71352
2.34108e-008 1.71352
2.36108e-008 1.70688
2.38108e-008 1.70688
2.40108e-008 1.70688
2.42108e-008 1.70356
2.44108e-008 1.70356
2.46108e-008 1.69692
2.48108e-008 1.70356
2.50108e-008 1.69692
2.52108e-008 1.69692
2.54108e-008 1.69027
2.56108e-008 1.6936
2.58108e-008 1.6936
2.60108e-008 1.69027
2.62108e-008 1.68695
2.64108e-008 1.68363
2.66108e-008 1.68695
2.68108e-008 1.68031
2.70108e-008 1.68031
2.72108e-008 1.67699
2.74108e-008 1.67699
2.76108e-008 1.67699
2.78108e-008 1.67699
2.80108e-008 1.67367
2.82108e-008 1.67035
2.84108e-008 1.67035
2.86108e-008 1.66703
2.88108e-008 1.66703
2.90108e-008 1.66371
2.92108e-008 1.66703
2.94108e-008 1.67035
2.96108e-008 1.66703
2.98108e-008 1.66703
3.00108e-008 1.66039
3.02108e-008 1.66371
3.04108e-008 1.66039
3.06108e-008 1.66039
3.08108e-008 1.66039
3.10108e-008 1.66039
3.12108e-008 1.66039
3.14108e-008 1.65706
3.16108e-008 1.65706
3.18108e-008 1.65374
3.20108e-008 1.65706
3.22108e-008 1.65374
3.24108e-008 1.65042
3.26108e-008 1.65374
3.28108e-008 1.65374
3.30108e-008 1.6471
3.32108e-008 1.65042
3.34108e-008 1.65042
3.36108e-008 1.6471
3.38108e-008 1.65042
3.40108e-008 1.65042
3.42108e-008 1.65042
3.44108e-008 1.64378
3.46108e-008 1.65042
3.48108e-008 1.6471
3.50108e-008 1.64378
3.52108e-008 1.65042
3.54108e-008 1.6471
3.56108e-008 1.65042
3.58108e-008 1.65374
3.60108e-008 1.64378
3.62108e-008 1.65042
3.64108e-008 1.64378
3.66108e-008 1.6471
3.68108e-008 1.64046
3.70108e-008 1.64378
3.72108e-008 1.64378
3.74108e-008 1.64046
3.76108e-008 1.63714
3.78108e-008 1.64046
3.80108e-008 1.63714
3.82108e-008 1.63714
3.84108e-008 1.63714
3.86108e-008 1.6471
3.88108e-008 1.64046
3.90108e-008 1.64378
3.92108e-008 1.64046
3.94108e-008 1.64378
3.96108e-008 1.64046
3.98108e-008 1.64378
4.00108e-008 1.64378
4.02108e-008 1.6471
4.04108e-008 1.64046
4.06108e-008 1.64046
4.08108e-008 1.64046
4.10108e-008 1.64046
4.12108e-008 1.63714
4.14108e-008 1.64046
4.16108e-008 1.64046
4.18108e-008 1.64046
4.20108e-008 1.64046
4.22108e-008 1.64378
4.24108e-008 1.64046
4.26108e-008 1.64046
4.28108e-008 1.63714
4.30108e-008 1.63714
4.32108e-008 1.63382
4.34108e-008 1.63714
4.36108e-008 1.63714
4.38108e-008 1.63714
4.40108e-008 1.63714
4.42108e-008 1.64046
4.44108e-008 1.63714
4.46108e-008 1.64378
4.48108e-008 1.64046
4.50108e-008 1.64046
4.52108e-008 1.63714
4.54108e-008 1.64378
4.56108e-008 1.64046
4.58108e-008 1.64046
4.60108e-008 1.63714
4.62108e-008 1.64378
4.64108e-008 1.63714
4.66108e-008 1.64046
4.68108e-008 1.64378
4.70108e-008 1.64046
4.72108e-008 1.63714
4.74108e-008 1.64046
4.76108e-008 1.63714
4.78108e-008 1.64046
4.80108e-008 1.64046
4.82108e-008 1.64046
4.84108e-008 1.64046
4.86108e-008 1.64378
4.88108e-008 1.63714
4.90108e-008 1.64378
4.92108e-008 1.64046
4.94108e-008 1.64046
4.96108e-008 1.64046
4.98108e-008 1.64046
5.00108e-008 1.63714
5.02108e-008 1.64046
5.04108e-008 1.63714
5.06108e-008 1.64046
5.08108e-008 1.63382
5.10108e-008 1.63714
5.12108e-008 1.6305
5.14108e-008 1.63714
5.16108e-008 1.63714
5.18108e-008 1.63714
5.20108e-008 1.63714
5.22108e-008 1.64046
5.24108e-008 1.63714
5.26108e-008 1.64046
5.28108e-008 1.64046
5.30108e-008 1.64046
5.32108e-008 1.63714
5.34108e-008 1.63714
5.36108e-008 1.63714
5.38108e-008 1.64046
5.40108e-008 1.63714
5.42108e-008 1.64046
5.44108e-008 1.63714
5.46108e-008 1.63382
5.48108e-008 1.63714
5.50108e-008 1.63382
5.52108e-008 1.63382
5.54108e-008 1.63714
5.56108e-008 1.6305
5.58108e-008 1.63714
5.60108e-008 1.63714
5.62108e-008 1.64046
5.64108e-008 1.63714
5.66108e-008 1.63714
5.68108e-008 1.63714
5.70108e-008 1.63714
5.72108e-008 1.64046
5.74108e-008 1.63714
5.76108e-008 1.63714
5.78108e-008 1.64046
5.80108e-008 1.63714
5.82108e-008 1.64046
5.84108e-008 1.64378
5.86108e-008 1.64378
5.88108e-008 1.63714
5.90108e-008 1.63714
5.92108e-008 1.63714
5.94108e-008 1.64046
5.96108e-008 1.63714
5.98108e-008 1.64046
6.00108e-008 1.64046
6.02108e-008 1.64046
6.04108e-008 1.64046
6.06108e-008 1.64046
6.08108e-008 1.64046
6.10108e-008 1.64046
6.12108e-008 1.63714
6.14108e-008 1.64046
6.16108e-008 1.63714
6.18108e-008 1.64046
6.20108e-008 1.64046
6.22108e-008 1.64046
6.24108e-008 1.63714
6.26108e-008 1.63714
6.28108e-008 1.63382
6.30108e-008 1.64046
6.32108e-008 1.64046
6.34108e-008 1.64046
6.36108e-008 1.63714
6.38108e-008 1.63714
6.40108e-008 1.64046
6.42108e-008 1.64046
6.44108e-008 1.63714
6.46108e-008 1.64378
6.48108e-008 1.64046
6.50108e-008 1.64046
6.52108e-008 1.64046
6.54108e-008 1.64046
6.56108e-008 1.63382
6.58108e-008 1.64046
6.60108e-008 1.63714
6.62108e-008 1.64046
6.64108e-008 1.64046
6.66108e-008 1.64046
6.68108e-008 1.63714
6.70108e-008 1.63714
6.72108e-008 1.63714
6.74108e-008 1.64378
6.76108e-008 1.64046
6.78108e-008 1.64378
6.80108e-008 1.64046
6.82108e-008 1.6471
6.84108e-008 1.64046
6.86108e-008 1.64378
6.88108e-008 1.64046
6.90108e-008 1.64378
6.92108e-008 1.64378
6.94108e-008 1.6471
6.96108e-008 1.64046
6.98108e-008 1.64378
7.00108e-008 1.63714
7.02108e-008 1.64378
7.04108e-008 1.64046
7.06108e-008 1.64046
7.08108e-008 1.64378
7.10108e-008 1.6471
7.12108e-008 1.6471
7.14108e-008 1.64378
7.16108e-008 1.63714
7.18108e-008 1.63714
7.20108e-008 1.63714
7.22108e-008 1.64046
7.24108e-008 1.63714
7.26108e-008 1.64378
7.28108e-008 1.64046
7.30108e-008 1.64046
7.32108e-008 1.64378
7.34108e-008 1.64378
7.36108e-008 1.64046
7.38108e-008 1.6471
7.40108e-008 1.63714
7.42108e-008 1.64378
7.44108e-008 1.64378
7.46108e-008 1.64378
7.48108e-008 1.64378
7.50108e-008 1.64378
7.52108e-008 1.64378
7.54108e-008 1.64378
7.56108e-008 1.64378
7.58108e-008 1.64378
7.60108e-008 1.64378
7.62108e-008 1.64046
7.64108e-008 1.64378
7.66108e-008 1.6471
7.68108e-008 1.64046
7.70108e-008 1.64378
7.72108e-008 1.64046
7.74108e-008 1.6471
7.76108e-008 1.64046
7.78108e-008 1.64378
7.80108e-008 1.64378
7.82108e-008 1.6471
7.84108e-008 1.64046
7.86108e-008 1.64378
7.88108e-008 1.64046
7.90108e-008 1.64378
7.92108e-008 1.64046
7.94108e-008 1.64378
7.96108e-008 1.64378
7.98108e-008 1.64378
8.00108e-008 1.64046
8.02108e-008 1.6471
8.04108e-008 1.64046
8.06108e-008 1.6471
8.08108e-008 1.64378
8.10108e-008 1.64378
8.12108e-008 1.64046
8.14108e-008 1.64046
8.16108e-008 1.64378
8.18108e-008 1.64378
8.20108e-008 1.64046
8.22108e-008 1.6471
8.24108e-008 1.64378
8.26108e-008 1.64378
8.28108e-008 1.64046
8.30108e-008 1.64378
8.32108e-008 1.64046
8.34108e-008 1.6471
8.36108e-008 1.64046
8.38108e-008 1.64046
8.40108e-008 1.64046
8.42108e-008 1.64378
8.44108e-008 1.64046
8.46108e-008 1.64378
8.48108e-008 1.64378
8.50108e-008 1.64378
8.52108e-008 1.64378
8.54108e-008 1.64378
8.56108e-008 1.63714
8.58108e-008 1.64046
8.60108e-008 1.64046
8.62108e-008 1.64378
8.64108e-008 1.63714
8.66108e-008 1.64046
8.68108e-008 1.63714
8.70108e-008 1.64046
8.72108e-008 1.64046
8.74108e-008 1.63714
8.76108e-008 1.63714
8.78108e-008 1.63714
8.80108e-008 1.64046
8.82108e-008 1.64378
8.84108e-008 1.64046
8.86108e-008 1.64046
8.88108e-008 1.63382
8.90108e-008 1.64046
8.92108e-008 1.63382
8.94108e-008 1.63382
8.96108e-008 1.6305
8.98108e-008 1.63382
9.00108e-008 1.63382
9.02108e-008 1.63714
9.04108e-008 1.63382
9.06108e-008 1.63714
9.08108e-008 1.63714
9.10108e-008 1.63714
9.12108e-008 1.63714
9.14108e-008 1.63714
9.16108e-008 1.63714
9.18108e-008 1.64046
9.20108e-008 1.63714
9.22108e-008 1.64046
9.24108e-008 1.63714
9.26108e-008 1.64046
9.28108e-008 1.63382
9.30108e-008 1.63714
9.32108e-008 1.64046
9.34108e-008 1.63714
9.36108e-008 1.63714
9.38108e-008 1.64046
9.40108e-008 1.63714
9.42108e-008 1.63714
9.44108e-008 1.63714
9.46108e-008 1.64378
9.48108e-008 1.63714
9.50108e-008 1.63714
9.52108e-008 1.64046
9.54108e-008 1.64046
9.56108e-008 1.64378
9.58108e-008 1.64046
9.60108e-008 1.64046
9.62108e-008 1.64378
9.64108e-008 1.64046
9.66108e-008 1.64046
9.68108e-008 1.63382
9.70108e-008 1.63714
9.72108e-008 1.63714
9.74108e-008 1.63714
9.76108e-008 1.63714
9.78108e-008 1.64378
9.80108e-008 1.63714
9.82108e-008 1.63714
9.84108e-008 1.63714
9.86108e-008 1.63714
9.88108e-008 1.63714
9.90108e-008 1.64046
9.92108e-008 1.63714
9.94108e-008 1.63714
9.96108e-008 1.64378
9.98108e-008 1.64378
1.00011e-007 1.64046
1.00211e-007 1.63714
1.00411e-007 1.63714
1.00611e-007 1.64046
1.00811e-007 1.63714
1.01011e-007 1.64046
1.01211e-007 1.64046
1.01411e-007 1.63714
1.01611e-007 1.64046
1.01811e-007 1.63714
1.02011e-007 1.64046
1.02211e-007 1.63714
1.02411e-007 1.63714
1.02611e-007 1.63714
1.02811e-007 1.64046
1.03011e-007 1.64046
1.03211e-007 1.63714
1.03411e-007 1.63714
1.03611e-007 1.64046
1.03811e-007 1.63714
1.04011e-007 1.64046
1.04211e-007 1.63382
1.04411e-007 1.63714
1.04611e-007 1.64046
1.04811e-007 1.63714
1.05011e-007 1.63714
1.05211e-007 1.63714
1.05411e-007 1.64046
1.05611e-007 1.63714
1.05811e-007 1.64046
1.06011e-007 1.63714
1.06211e-007 1.64046
1.06411e-007 1.63714
1.06611e-007 1.64046
1.06811e-007 1.64046
1.07011e-007 1.63382
1.07211e-007 1.63714
1.07411e-007 1.63382
1.07611e-007 1.63714
1.07811e-007 1.63714
1.08011e-007 1.63714
1.08211e-007 1.63714
1.08411e-007 1.63382
1.08611e-007 1.63714
1.08811e-007 1.64046
1.09011e-007 1.64046
1.09211e-007 1.63714
1.09411e-007 1.64378
1.09611e-007 1.63714
1.09811e-007 1.64046
1.10011e-007 1.64046
1.10211e-007 1.63714
1.10411e-007 1.63382
1.10611e-007 1.64378
1.10811e-007 1.63714
1.11011e-007 1.64046
1.11211e-007 1.63714
1.11411e-007 1.63714
1.11611e-007 1.63714
1.11811e-007 1.63714
1.12011e-007 1.63714
1.12211e-007 1.64046
1.12411e-007 1.64046
1.12611e-007 1.64046
1.12811e-007 1.64046
1.13011e-007 1.64378
1.13211e-007 1.64046
1.13411e-007 1.64046
1.13611e-007 1.63714
1.13811e-007 1.64046
1.14011e-007 1.64046
1.14211e-007 1.64378
1.14411e-007 1.64046
1.14611e-007 1.64046
1.14811e-007 1.64046
1.15011e-007 1.64046
1.15211e-007 1.63714
1.15411e-007 1.64046
1.15611e-007 1.63714
1.15811e-007 1.63714
1.16011e-007 1.63714
1.16211e-007 1.64046
1.16411e-007 1.63714
1.16611e-007 1.63714
1.16811e-007 1.63714
1.17011e-007 1.63714
1.17211e-007 1.63714
1.17411e-007 1.64046
1.17611e-007 1.64046
1.17811e-007 1.64046
1.18011e-007 1.63714
1.18211e-007 1.64378
1.18411e-007 1.63714
1.18611e-007 1.64378
1.18811e-007 1.64378
1.19011e-007 1.64378
1.19211e-007 1.63714
1.19411e-007 1.64046
1.19611e-007 1.64046
1.19811e-007 1.64046
1.20011e-007 1.63714
1.20211e-007 1.64046
1.20411e-007 1.64046
1.20611e-007 1.64378
1.20811e-007 1.63714
1.21011e-007 1.64046
1.21211e-007 1.63714
1.21411e-007 1.64046
1.21611e-007 1.63714
1.21811e-007 1.64378
1.22011e-007 1.64046
1.22211e-007 1.64046
1.22411e-007 1.63714
1.22611e-007 1.64046
1.22811e-007 1.64046
1.23011e-007 1.64378
1.23211e-007 1.64046
1.23411e-007 1.64378
1.23611e-007 1.64378
1.23811e-007 1.64378
1.24011e-007 1.63382
1.24211e-007 1.64046
1.24411e-007 1.63714
1.24611e-007 1.63714
1.24811e-007 1.64378
1.25011e-007 1.64046
1.25211e-007 1.64378
1.25411e-007 1.64046
1.25611e-007 1.64378
1.25811e-007 1.64378
1.26011e-007 1.64378
1.26211e-007 1.64378
1.26411e-007 1.63714
1.26611e-007 1.64046
1.26811e-007 1.64046
1.27011e-007 1.64378
1.27211e-007 1.64046
1.27411e-007 1.64046
1.27611e-007 1.63714
1.27811e-007 1.63714
1.28011e-007 1.63714
1.28211e-007 1.64046
1.28411e-007 1.63714
1.28611e-007 1.64378
1.28811e-007 1.64046
1.29011e-007 1.64046
1.29211e-007 1.64378
1.29411e-007 1.64046
1.29611e-007 1.63714
1.29811e-007 1.64378
1.30011e-007 1.64046
1.30211e-007 1.64378
1.30411e-007 1.64046
1.30611e-007 1.64378
1.30811e-007 1.64046
1.31011e-007 1.64046
1.31211e-007 1.63714
1.31411e-007 1.64046
1.31611e-007 1.63714
1.31811e-007 1.64046
1.32011e-007 1.64046
1.32211e-007 1.63714
1.32411e-007 1.63714
1.32611e-007 1.63714
1.32811e-007 1.63714
1.33011e-007 1.63714
1.33211e-007 1.64046
1.33411e-007 1.64378
1.33611e-007 1.64378
1.33811e-007 1.64046
1.34011e-007 1.64046
1.34211e-007 1.64046
1.34411e-007 1.63714
1.34611e-007 1.64046
1.34811e-007 1.63714
1.35011e-007 1.64378
1.35211e-007 1.63714
1.35411e-007 1.64378
1.35611e-007 1.64378
1.35811e-007 1.64378
1.36011e-007 1.64046
1.36211e-007 1.64046
1.36411e-007 1.63714
1.36611e-007 1.64378
1.36811e-007 1.64046
1.37011e-007 1.64046
1.37211e-007 1.64378
1.37411e-007 1.64378
1.37611e-007 1.64378
1.37811e-007 1.6471
1.38011e-007 1.64046
1.38211e-007 1.64378
1.38411e-007 1.63714
1.38611e-007 1.64046
1.38811e-007 1.64046
1.39011e-007 1.63714
1.39211e-007 1.64046
1.39411e-007 1.64046
1.39611e-007 1.64378
1.39811e-007 1.6471
1.40011e-007 1.64046
1.40211e-007 1.64378
1.40411e-007 1.64046
1.40611e-007 1.6471
1.40811e-007 1.64378
1.41011e-007 1.6471
1.41211e-007 1.64046
1.41411e-007 1.64378
1.41611e-007 1.64378
1.41811e-007 1.64378
1.42011e-007 1.64046
1.42211e-007 1.64046
1.42411e-007 1.64046
1.42611e-007 1.64378
1.42811e-007 1.63714
1.43011e-007 1.64046
1.43211e-007 1.63714
1.43411e-007 1.64046
1.43611e-007 1.63714
1.43811e-007 1.64378
1.44011e-007 1.64046
1.44211e-007 1.64046
1.44411e-007 1.64378
1.44611e-007 1.64378
1.44811e-007 1.64378
1.45011e-007 1.6471
1.45211e-007 1.64046
1.45411e-007 1.64378
1.45611e-007 1.64378
1.45811e-007 1.64046
1.46011e-007 1.63714
1.46211e-007 1.64046
1.46411e-007 1.64046
1.46611e-007 1.64046
1.46811e-007 1.63714
1.47011e-007 1.64378
1.47211e-007 1.64378
1.47411e-007 1.64378
1.47611e-007 1.64378
1.47811e-007 1.6471
1.48011e-007 1.64046
1.48211e-007 1.6471
1.48411e-007 1.64378
