LECROYWS44MXs-B 69584 Waveform
Segments 1 SegmentSize 1002
Segment TrigTime TimeSinceSegment1
#1 24-Jun-2015 00:57:50 0                 
Time Ampl
-5.16842e-008 1.65042
-5.14842e-008 1.64378
-5.12842e-008 1.6471
-5.10842e-008 1.64378
-5.08842e-008 1.64046
-5.06842e-008 1.64378
-5.04842e-008 1.64046
-5.02842e-008 1.64378
-5.00842e-008 1.6471
-4.98842e-008 1.64378
-4.96842e-008 1.64378
-4.94842e-008 1.64046
-4.92842e-008 1.64378
-4.90842e-008 1.64378
-4.88842e-008 1.6471
-4.86842e-008 1.64378
-4.84842e-008 1.64378
-4.82842e-008 1.64378
-4.80842e-008 1.6471
-4.78842e-008 1.64378
-4.76842e-008 1.6471
-4.74842e-008 1.64378
-4.72842e-008 1.64378
-4.70842e-008 1.64046
-4.68842e-008 1.6471
-4.66842e-008 1.64378
-4.64842e-008 1.6471
-4.62842e-008 1.64378
-4.60842e-008 1.64378
-4.58842e-008 1.64378
-4.56842e-008 1.64378
-4.54842e-008 1.64378
-4.52842e-008 1.6471
-4.50842e-008 1.64046
-4.48842e-008 1.64378
-4.46842e-008 1.64378
-4.44842e-008 1.64378
-4.42842e-008 1.64046
-4.40842e-008 1.64378
-4.38842e-008 1.64046
-4.36842e-008 1.64378
-4.34842e-008 1.64378
-4.32842e-008 1.64378
-4.30842e-008 1.64046
-4.28842e-008 1.6471
-4.26842e-008 1.6471
-4.24842e-008 1.64378
-4.22842e-008 1.64378
-4.20842e-008 1.6471
-4.18842e-008 1.64378
-4.16842e-008 1.65042
-4.14842e-008 1.64378
-4.12842e-008 1.64378
-4.10842e-008 1.64378
-4.08842e-008 1.6471
-4.06842e-008 1.64046
-4.04842e-008 1.64378
-4.02842e-008 1.64046
-4.00842e-008 1.6471
-3.98842e-008 1.6471
-3.96842e-008 1.6471
-3.94842e-008 1.64378
-3.92842e-008 1.65042
-3.90842e-008 1.65042
-3.88842e-008 1.65042
-3.86842e-008 1.65042
-3.84842e-008 1.6471
-3.82842e-008 1.6471
-3.80842e-008 1.6471
-3.78842e-008 1.64046
-3.76842e-008 1.6471
-3.74842e-008 1.6471
-3.72842e-008 1.6471
-3.70842e-008 1.64378
-3.68842e-008 1.64378
-3.66842e-008 1.6471
-3.64842e-008 1.64378
-3.62842e-008 1.6471
-3.60842e-008 1.65042
-3.58842e-008 1.6471
-3.56842e-008 1.6471
-3.54842e-008 1.64378
-3.52842e-008 1.65042
-3.50842e-008 1.6471
-3.48842e-008 1.6471
-3.46842e-008 1.6471
-3.44842e-008 1.6471
-3.42842e-008 1.6471
-3.40842e-008 1.65042
-3.38842e-008 1.65042
-3.36842e-008 1.6471
-3.34842e-008 1.6471
-3.32842e-008 1.65042
-3.30842e-008 1.6471
-3.28842e-008 1.65042
-3.26842e-008 1.65042
-3.24842e-008 1.65374
-3.22842e-008 1.65042
-3.20842e-008 1.65042
-3.18842e-008 1.6471
-3.16842e-008 1.64378
-3.14842e-008 1.64378
-3.12842e-008 1.64378
-3.10842e-008 1.65042
-3.08842e-008 1.65042
-3.06842e-008 1.65042
-3.04842e-008 1.65042
-3.02842e-008 1.6471
-3.00842e-008 1.65042
-2.98842e-008 1.65042
-2.96842e-008 1.65042
-2.94842e-008 1.6471
-2.92842e-008 1.6471
-2.90842e-008 1.65042
-2.88842e-008 1.65042
-2.86842e-008 1.6471
-2.84842e-008 1.65042
-2.82842e-008 1.65042
-2.80842e-008 1.65042
-2.78842e-008 1.65042
-2.76842e-008 1.65042
-2.74842e-008 1.6471
-2.72842e-008 1.65042
-2.70842e-008 1.6471
-2.68842e-008 1.64378
-2.66842e-008 1.6471
-2.64842e-008 1.65042
-2.62842e-008 1.6471
-2.60842e-008 1.65042
-2.58842e-008 1.65042
-2.56842e-008 1.6471
-2.54842e-008 1.64378
-2.52842e-008 1.6471
-2.50842e-008 1.64046
-2.48842e-008 1.65042
-2.46842e-008 1.6471
-2.44842e-008 1.6471
-2.42842e-008 1.6471
-2.40842e-008 1.6471
-2.38842e-008 1.6471
-2.36842e-008 1.6471
-2.34842e-008 1.64378
-2.32842e-008 1.65042
-2.30842e-008 1.6471
-2.28842e-008 1.6471
-2.26842e-008 1.6471
-2.24842e-008 1.65042
-2.22842e-008 1.65042
-2.20842e-008 1.65042
-2.18842e-008 1.64378
-2.16842e-008 1.65042
-2.14842e-008 1.64378
-2.12842e-008 1.6471
-2.10842e-008 1.64378
-2.08842e-008 1.64378
-2.06842e-008 1.64046
-2.04842e-008 1.64046
-2.02842e-008 1.63714
-2.00842e-008 1.6471
-1.98842e-008 1.64046
-1.96842e-008 1.6471
-1.94842e-008 1.6471
-1.92842e-008 1.64378
-1.90842e-008 1.64378
-1.88842e-008 1.65042
-1.86842e-008 1.6471
-1.84842e-008 1.6471
-1.82842e-008 1.64378
-1.80842e-008 1.64378
-1.78842e-008 1.6471
-1.76842e-008 1.6471
-1.74842e-008 1.64378
-1.72842e-008 1.64378
-1.70842e-008 1.64378
-1.68842e-008 1.6471
-1.66842e-008 1.64378
-1.64842e-008 1.6471
-1.62842e-008 1.6471
-1.60842e-008 1.6471
-1.58842e-008 1.64378
-1.56842e-008 1.6471
-1.54842e-008 1.6471
-1.52842e-008 1.6471
-1.50842e-008 1.65042
-1.48842e-008 1.65042
-1.46842e-008 1.65042
-1.44842e-008 1.65042
-1.42842e-008 1.6471
-1.40842e-008 1.6471
-1.38842e-008 1.6471
-1.36842e-008 1.6471
-1.34842e-008 1.64378
-1.32842e-008 1.6471
-1.30842e-008 1.6471
-1.28842e-008 1.65042
-1.26842e-008 1.64378
-1.24842e-008 1.6471
-1.22842e-008 1.6471
-1.20842e-008 1.6471
-1.18842e-008 1.6471
-1.16842e-008 1.64378
-1.14842e-008 1.6471
-1.12842e-008 1.6471
-1.10842e-008 1.64378
-1.08842e-008 1.65042
-1.06842e-008 1.6471
-1.04842e-008 1.64378
-1.02842e-008 1.6471
-1.00842e-008 1.6471
-9.88416e-009 1.65042
-9.68416e-009 1.65042
-9.48416e-009 1.6471
-9.28416e-009 1.65042
-9.08416e-009 1.65042
-8.88416e-009 1.65042
-8.68416e-009 1.65042
-8.48416e-009 1.65374
-8.28416e-009 1.6471
-8.08416e-009 1.65374
-7.88416e-009 1.64378
-7.68416e-009 1.6471
-7.48416e-009 1.6471
-7.28416e-009 1.6471
-7.08416e-009 1.6471
-6.88416e-009 1.65374
-6.68416e-009 1.65042
-6.48416e-009 1.65042
-6.28416e-009 1.65706
-6.08416e-009 1.65374
-5.88416e-009 1.65374
-5.68416e-009 1.65706
-5.48416e-009 1.65706
-5.28416e-009 1.65706
-5.08416e-009 1.66039
-4.88416e-009 1.66039
-4.68416e-009 1.67035
-4.48416e-009 1.67035
-4.28416e-009 1.67367
-4.08416e-009 1.67699
-3.88416e-009 1.68695
-3.68416e-009 1.68695
-3.48416e-009 1.69027
-3.28416e-009 1.69692
-3.08416e-009 1.70024
-2.88416e-009 1.70688
-2.68416e-009 1.7102
-2.48416e-009 1.72348
-2.28416e-009 1.7268
-2.08416e-009 1.7268
-1.88416e-009 1.74009
-1.68416e-009 1.74341
-1.48416e-009 1.75669
-1.28416e-009 1.76333
-1.08416e-009 1.76666
-8.84162e-010 1.77994
-6.84162e-010 1.78326
-4.84162e-010 1.79987
-2.84162e-010 1.80319
-8.41621e-011 1.81647
1.15838e-010 1.82975
3.15838e-010 1.83307
5.15838e-010 1.84636
7.15838e-010 1.853
9.15838e-010 1.85964
1.11584e-009 1.8696
1.31584e-009 1.87957
1.51584e-009 1.88621
1.71584e-009 1.88953
1.91584e-009 1.89949
2.11584e-009 1.90946
2.31584e-009 1.9161
2.51584e-009 1.91942
2.71584e-009 1.92938
2.91584e-009 1.94267
3.11584e-009 1.94599
3.31584e-009 1.95263
3.51584e-009 1.95927
3.71584e-009 1.96923
3.91584e-009 1.97587
4.11584e-009 1.97587
4.31584e-009 1.98252
4.51584e-009 1.98252
4.71584e-009 1.98252
4.91584e-009 1.98916
5.11584e-009 1.98916
5.31584e-009 1.9958
5.51584e-009 1.9958
5.71584e-009 1.99912
5.91584e-009 2.00244
6.11584e-009 1.99912
6.31584e-009 2.00244
6.51584e-009 2.00244
6.71584e-009 2.00576
6.91584e-009 2.00576
7.11584e-009 2.0124
7.31584e-009 2.00576
7.51584e-009 2.0124
7.71584e-009 2.00908
7.91584e-009 2.00908
8.11584e-009 2.00908
8.31584e-009 2.00576
8.51584e-009 2.00244
8.71584e-009 2.00244
8.91584e-009 1.9958
9.11584e-009 1.9958
9.31584e-009 1.99248
9.51584e-009 1.98252
9.71584e-009 1.98916
9.91584e-009 1.98252
1.01158e-008 1.97587
1.03158e-008 1.96923
1.05158e-008 1.96923
1.07158e-008 1.96591
1.09158e-008 1.96591
1.11158e-008 1.95595
1.13158e-008 1.95927
1.15158e-008 1.95263
1.17158e-008 1.94599
1.19158e-008 1.94267
1.21158e-008 1.93934
1.23158e-008 1.9327
1.25158e-008 1.9327
1.27158e-008 1.92938
1.29158e-008 1.92606
1.31158e-008 1.91942
1.33158e-008 1.9161
1.35158e-008 1.90946
1.37158e-008 1.89949
1.39158e-008 1.89949
1.41158e-008 1.89285
1.43158e-008 1.88621
1.45158e-008 1.87957
1.47158e-008 1.87625
1.49158e-008 1.87625
1.51158e-008 1.86628
1.53158e-008 1.86296
1.55158e-008 1.86296
1.57158e-008 1.85632
1.59158e-008 1.84968
1.61158e-008 1.84968
1.63158e-008 1.84304
1.65158e-008 1.83972
1.67158e-008 1.8364
1.69158e-008 1.82643
1.71158e-008 1.82311
1.73158e-008 1.81647
1.75158e-008 1.81315
1.77158e-008 1.80983
1.79158e-008 1.79987
1.81158e-008 1.79654
1.83158e-008 1.79322
1.85158e-008 1.7899
1.87158e-008 1.78326
1.89158e-008 1.78326
1.91158e-008 1.77662
1.93158e-008 1.77662
1.95158e-008 1.76998
1.97158e-008 1.76333
1.99158e-008 1.76333
2.01158e-008 1.75669
2.03158e-008 1.75337
2.05158e-008 1.74673
2.07158e-008 1.74009
2.09158e-008 1.74009
2.11158e-008 1.73677
2.13158e-008 1.73345
2.15158e-008 1.73013
2.17158e-008 1.7268
2.19158e-008 1.72016
2.21158e-008 1.72016
2.23158e-008 1.71684
2.25158e-008 1.71684
2.27158e-008 1.7102
2.29158e-008 1.70688
2.31158e-008 1.70356
2.33158e-008 1.70688
2.35158e-008 1.70356
2.37158e-008 1.70024
2.39158e-008 1.69692
2.41158e-008 1.6936
2.43158e-008 1.69027
2.45158e-008 1.69027
2.47158e-008 1.68695
2.49158e-008 1.68695
2.51158e-008 1.68363
2.53158e-008 1.68031
2.55158e-008 1.68363
2.57158e-008 1.68031
2.59158e-008 1.67367
2.61158e-008 1.67035
2.63158e-008 1.67035
2.65158e-008 1.66703
2.67158e-008 1.66371
2.69158e-008 1.66703
2.71158e-008 1.65706
2.73158e-008 1.65374
2.75158e-008 1.65706
2.77158e-008 1.66039
2.79158e-008 1.66039
2.81158e-008 1.65706
2.83158e-008 1.65706
2.85158e-008 1.65042
2.87158e-008 1.65374
2.89158e-008 1.6471
2.91158e-008 1.64378
2.93158e-008 1.64378
2.95158e-008 1.6471
2.97158e-008 1.64378
2.99158e-008 1.64046
3.01158e-008 1.64046
3.03158e-008 1.63714
3.05158e-008 1.64046
3.07158e-008 1.63714
3.09158e-008 1.63714
3.11158e-008 1.64046
3.13158e-008 1.63382
3.15158e-008 1.63714
3.17158e-008 1.63382
3.19158e-008 1.63714
3.21158e-008 1.63382
3.23158e-008 1.6305
3.25158e-008 1.63382
3.27158e-008 1.6305
3.29158e-008 1.6305
3.31158e-008 1.63382
3.33158e-008 1.6305
3.35158e-008 1.6305
3.37158e-008 1.62718
3.39158e-008 1.62386
3.41158e-008 1.62386
3.43158e-008 1.62386
3.45158e-008 1.62386
3.47158e-008 1.62386
3.49158e-008 1.62718
3.51158e-008 1.62718
3.53158e-008 1.62718
3.55158e-008 1.62718
3.57158e-008 1.62386
3.59158e-008 1.62386
3.61158e-008 1.62386
3.63158e-008 1.62053
3.65158e-008 1.62053
3.67158e-008 1.62386
3.69158e-008 1.62386
3.71158e-008 1.61721
3.73158e-008 1.62053
3.75158e-008 1.62386
3.77158e-008 1.62053
3.79158e-008 1.62386
3.81158e-008 1.62053
3.83158e-008 1.61721
3.85158e-008 1.62386
3.87158e-008 1.62386
3.89158e-008 1.62386
3.91158e-008 1.62386
3.93158e-008 1.62386
3.95158e-008 1.61721
3.97158e-008 1.61721
3.99158e-008 1.62386
4.01158e-008 1.62386
4.03158e-008 1.62386
4.05158e-008 1.62386
4.07158e-008 1.62386
4.09158e-008 1.62386
4.11158e-008 1.62386
4.13158e-008 1.62053
4.15158e-008 1.62386
4.17158e-008 1.61721
4.19158e-008 1.62386
4.21158e-008 1.62386
4.23158e-008 1.62053
4.25158e-008 1.62386
4.27158e-008 1.62053
4.29158e-008 1.62386
4.31158e-008 1.62053
4.33158e-008 1.61721
4.35158e-008 1.61721
4.37158e-008 1.61389
4.39158e-008 1.61721
4.41158e-008 1.62386
4.43158e-008 1.61721
4.45158e-008 1.62386
4.47158e-008 1.62053
4.49158e-008 1.62386
4.51158e-008 1.62386
4.53158e-008 1.62053
4.55158e-008 1.62386
4.57158e-008 1.61721
4.59158e-008 1.61721
4.61158e-008 1.62053
4.63158e-008 1.62053
4.65158e-008 1.62053
4.67158e-008 1.62053
4.69158e-008 1.62053
4.71158e-008 1.62053
4.73158e-008 1.62386
4.75158e-008 1.62386
4.77158e-008 1.61721
4.79158e-008 1.62053
4.81158e-008 1.62386
4.83158e-008 1.62386
4.85158e-008 1.62386
4.87158e-008 1.62386
4.89158e-008 1.62386
4.91158e-008 1.62718
4.93158e-008 1.62718
4.95158e-008 1.62718
4.97158e-008 1.62386
4.99158e-008 1.62386
5.01158e-008 1.62386
5.03158e-008 1.62386
5.05158e-008 1.62386
5.07158e-008 1.62386
5.09158e-008 1.62386
5.11158e-008 1.62053
5.13158e-008 1.62386
5.15158e-008 1.62718
5.17158e-008 1.62386
5.19158e-008 1.62718
5.21158e-008 1.62386
5.23158e-008 1.62718
5.25158e-008 1.62386
5.27158e-008 1.62386
5.29158e-008 1.62386
5.31158e-008 1.62386
5.33158e-008 1.62386
5.35158e-008 1.62386
5.37158e-008 1.62386
5.39158e-008 1.62718
5.41158e-008 1.62386
5.43158e-008 1.62386
5.45158e-008 1.62386
5.47158e-008 1.62386
5.49158e-008 1.62386
5.51158e-008 1.6305
5.53158e-008 1.62718
5.55158e-008 1.6305
5.57158e-008 1.62718
5.59158e-008 1.62718
5.61158e-008 1.6305
5.63158e-008 1.6305
5.65158e-008 1.62718
5.67158e-008 1.62718
5.69158e-008 1.62718
5.71158e-008 1.6305
5.73158e-008 1.6305
5.75158e-008 1.6305
5.77158e-008 1.62718
5.79158e-008 1.6305
5.81158e-008 1.62718
5.83158e-008 1.63382
5.85158e-008 1.6305
5.87158e-008 1.62718
5.89158e-008 1.6305
5.91158e-008 1.6305
5.93158e-008 1.6305
5.95158e-008 1.6305
5.97158e-008 1.6305
5.99158e-008 1.6305
6.01158e-008 1.6305
6.03158e-008 1.6305
6.05158e-008 1.62718
6.07158e-008 1.62718
6.09158e-008 1.62718
6.11158e-008 1.62386
6.13158e-008 1.62718
6.15158e-008 1.6305
6.17158e-008 1.62718
6.19158e-008 1.62718
6.21158e-008 1.6305
6.23158e-008 1.6305
6.25158e-008 1.6305
6.27158e-008 1.6305
6.29158e-008 1.6305
6.31158e-008 1.6305
6.33158e-008 1.6305
6.35158e-008 1.63382
6.37158e-008 1.62718
6.39158e-008 1.6305
6.41158e-008 1.62718
6.43158e-008 1.6305
6.45158e-008 1.62718
6.47158e-008 1.62718
6.49158e-008 1.62718
6.51158e-008 1.62718
6.53158e-008 1.62718
6.55158e-008 1.63382
6.57158e-008 1.6305
6.59158e-008 1.6305
6.61158e-008 1.63382
6.63158e-008 1.6305
6.65158e-008 1.6305
6.67158e-008 1.63382
6.69158e-008 1.63382
6.71158e-008 1.63382
6.73158e-008 1.63382
6.75158e-008 1.63714
6.77158e-008 1.63382
6.79158e-008 1.63382
6.81158e-008 1.63382
6.83158e-008 1.63714
6.85158e-008 1.63714
6.87158e-008 1.63382
6.89158e-008 1.63382
6.91158e-008 1.63382
6.93158e-008 1.63714
6.95158e-008 1.63714
6.97158e-008 1.63382
6.99158e-008 1.63714
7.01158e-008 1.63714
7.03158e-008 1.63714
7.05158e-008 1.63714
7.07158e-008 1.63714
7.09158e-008 1.64046
7.11158e-008 1.63382
7.13158e-008 1.63714
7.15158e-008 1.63382
7.17158e-008 1.63382
7.19158e-008 1.63714
7.21158e-008 1.6305
7.23158e-008 1.63714
7.25158e-008 1.63714
7.27158e-008 1.63714
7.29158e-008 1.63714
7.31158e-008 1.63714
7.33158e-008 1.63714
7.35158e-008 1.63714
7.37158e-008 1.63714
7.39158e-008 1.63382
7.41158e-008 1.63714
7.43158e-008 1.63382
7.45158e-008 1.63714
7.47158e-008 1.63714
7.49158e-008 1.63714
7.51158e-008 1.63714
7.53158e-008 1.63714
7.55158e-008 1.63714
7.57158e-008 1.63714
7.59158e-008 1.63714
7.61158e-008 1.63714
7.63158e-008 1.64046
7.65158e-008 1.64046
7.67158e-008 1.64046
7.69158e-008 1.64378
7.71158e-008 1.64046
7.73158e-008 1.64046
7.75158e-008 1.64046
7.77158e-008 1.64046
7.79158e-008 1.64378
7.81158e-008 1.63714
7.83158e-008 1.63714
7.85158e-008 1.63714
7.87158e-008 1.64046
7.89158e-008 1.64046
7.91158e-008 1.64046
7.93158e-008 1.63714
7.95158e-008 1.64046
7.97158e-008 1.63714
7.99158e-008 1.64046
8.01158e-008 1.64046
8.03158e-008 1.64046
8.05158e-008 1.64046
8.07158e-008 1.64046
8.09158e-008 1.64046
8.11158e-008 1.64046
8.13158e-008 1.63714
8.15158e-008 1.64046
8.17158e-008 1.64046
8.19158e-008 1.64046
8.21158e-008 1.63382
8.23158e-008 1.64046
8.25158e-008 1.63382
8.27158e-008 1.64046
8.29158e-008 1.63714
8.31158e-008 1.63714
8.33158e-008 1.63382
8.35158e-008 1.63714
8.37158e-008 1.63714
8.39158e-008 1.64378
8.41158e-008 1.63714
8.43158e-008 1.64378
8.45158e-008 1.64046
8.47158e-008 1.64046
8.49158e-008 1.63714
8.51158e-008 1.63714
8.53158e-008 1.63382
8.55158e-008 1.64046
8.57158e-008 1.63382
8.59158e-008 1.64046
8.61158e-008 1.63714
8.63158e-008 1.63714
8.65158e-008 1.6305
8.67158e-008 1.63382
8.69158e-008 1.6305
8.71158e-008 1.6305
8.73158e-008 1.63382
8.75158e-008 1.63382
8.77158e-008 1.63382
8.79158e-008 1.64046
8.81158e-008 1.63714
8.83158e-008 1.63382
8.85158e-008 1.63382
8.87158e-008 1.63714
8.89158e-008 1.63382
8.91158e-008 1.63714
8.93158e-008 1.6305
8.95158e-008 1.6305
8.97158e-008 1.6305
8.99158e-008 1.6305
9.01158e-008 1.6305
9.03158e-008 1.6305
9.05158e-008 1.6305
9.07158e-008 1.6305
9.09158e-008 1.63382
9.11158e-008 1.63382
9.13158e-008 1.63382
9.15158e-008 1.6305
9.17158e-008 1.63382
9.19158e-008 1.63382
9.21158e-008 1.6305
9.23158e-008 1.63382
9.25158e-008 1.6305
9.27158e-008 1.6305
9.29158e-008 1.6305
9.31158e-008 1.63382
9.33158e-008 1.6305
9.35158e-008 1.6305
9.37158e-008 1.6305
9.39158e-008 1.6305
9.41158e-008 1.63382
9.43158e-008 1.62718
9.45158e-008 1.6305
9.47158e-008 1.6305
9.49158e-008 1.62718
9.51158e-008 1.6305
9.53158e-008 1.63382
9.55158e-008 1.63382
9.57158e-008 1.6305
9.59158e-008 1.63714
9.61158e-008 1.6305
9.63158e-008 1.63382
9.65158e-008 1.63382
9.67158e-008 1.63382
9.69158e-008 1.63714
9.71158e-008 1.63382
9.73158e-008 1.63382
9.75158e-008 1.63382
9.77158e-008 1.63382
9.79158e-008 1.63382
9.81158e-008 1.63382
9.83158e-008 1.63382
9.85158e-008 1.6305
9.87158e-008 1.6305
9.89158e-008 1.62718
9.91158e-008 1.62718
9.93158e-008 1.62718
9.95158e-008 1.6305
9.97158e-008 1.6305
9.99158e-008 1.63382
1.00116e-007 1.6305
1.00316e-007 1.6305
1.00516e-007 1.6305
1.00716e-007 1.63714
1.00916e-007 1.6305
1.01116e-007 1.6305
1.01316e-007 1.6305
1.01516e-007 1.6305
1.01716e-007 1.6305
1.01916e-007 1.6305
1.02116e-007 1.63382
1.02316e-007 1.63714
1.02516e-007 1.63714
1.02716e-007 1.63714
1.02916e-007 1.63382
1.03116e-007 1.63714
1.03316e-007 1.63714
1.03516e-007 1.63382
1.03716e-007 1.63382
1.03916e-007 1.63382
1.04116e-007 1.63382
1.04316e-007 1.63382
1.04516e-007 1.63382
1.04716e-007 1.63382
1.04916e-007 1.6305
1.05116e-007 1.6305
1.05316e-007 1.6305
1.05516e-007 1.63382
1.05716e-007 1.63382
1.05916e-007 1.6305
1.06116e-007 1.6305
1.06316e-007 1.6305
1.06516e-007 1.6305
1.06716e-007 1.63382
1.06916e-007 1.63382
1.07116e-007 1.63714
1.07316e-007 1.63382
1.07516e-007 1.63714
1.07716e-007 1.63382
1.07916e-007 1.63714
1.08116e-007 1.63382
1.08316e-007 1.63714
1.08516e-007 1.63382
1.08716e-007 1.63382
1.08916e-007 1.63382
1.09116e-007 1.64046
1.09316e-007 1.63714
1.09516e-007 1.63714
1.09716e-007 1.63714
1.09916e-007 1.63714
1.10116e-007 1.63714
1.10316e-007 1.63714
1.10516e-007 1.63382
1.10716e-007 1.63382
1.10916e-007 1.63382
1.11116e-007 1.63714
1.11316e-007 1.63382
1.11516e-007 1.64046
1.11716e-007 1.63714
1.11916e-007 1.64046
1.12116e-007 1.64046
1.12316e-007 1.63714
1.12516e-007 1.63382
1.12716e-007 1.63714
1.12916e-007 1.63382
1.13116e-007 1.64046
1.13316e-007 1.63714
1.13516e-007 1.63714
1.13716e-007 1.63714
1.13916e-007 1.63714
1.14116e-007 1.63382
1.14316e-007 1.63714
1.14516e-007 1.64046
1.14716e-007 1.63714
1.14916e-007 1.63714
1.15116e-007 1.63714
1.15316e-007 1.64046
1.15516e-007 1.63714
1.15716e-007 1.63714
1.15916e-007 1.63382
1.16116e-007 1.63714
1.16316e-007 1.64046
1.16516e-007 1.63714
1.16716e-007 1.63714
1.16916e-007 1.64046
1.17116e-007 1.63714
1.17316e-007 1.63714
1.17516e-007 1.63714
1.17716e-007 1.63382
1.17916e-007 1.64046
1.18116e-007 1.63714
1.18316e-007 1.63714
1.18516e-007 1.63714
1.18716e-007 1.63714
1.18916e-007 1.63382
1.19116e-007 1.64046
1.19316e-007 1.63714
1.19516e-007 1.63714
1.19716e-007 1.63714
1.19916e-007 1.63714
1.20116e-007 1.63714
1.20316e-007 1.6305
1.20516e-007 1.63714
1.20716e-007 1.63714
1.20916e-007 1.63382
1.21116e-007 1.63382
1.21316e-007 1.63714
1.21516e-007 1.6305
1.21716e-007 1.63714
1.21916e-007 1.63714
1.22116e-007 1.63714
1.22316e-007 1.64378
1.22516e-007 1.64378
1.22716e-007 1.64378
1.22916e-007 1.63714
1.23116e-007 1.64046
1.23316e-007 1.64046
1.23516e-007 1.64046
1.23716e-007 1.64046
1.23916e-007 1.64046
1.24116e-007 1.63714
1.24316e-007 1.63714
1.24516e-007 1.63714
1.24716e-007 1.63714
1.24916e-007 1.63382
1.25116e-007 1.63714
1.25316e-007 1.63382
1.25516e-007 1.63714
1.25716e-007 1.63714
1.25916e-007 1.64046
1.26116e-007 1.63714
1.26316e-007 1.64046
1.26516e-007 1.64046
1.26716e-007 1.64046
1.26916e-007 1.64046
1.27116e-007 1.64046
1.27316e-007 1.64378
1.27516e-007 1.64046
1.27716e-007 1.64046
1.27916e-007 1.63714
1.28116e-007 1.63714
1.28316e-007 1.63714
1.28516e-007 1.63714
1.28716e-007 1.63714
1.28916e-007 1.64046
1.29116e-007 1.63714
1.29316e-007 1.63714
1.29516e-007 1.63714
1.29716e-007 1.63714
1.29916e-007 1.63714
1.30116e-007 1.63714
1.30316e-007 1.64046
1.30516e-007 1.64046
1.30716e-007 1.6471
1.30916e-007 1.64378
1.31116e-007 1.64378
1.31316e-007 1.64046
1.31516e-007 1.64046
1.31716e-007 1.64378
1.31916e-007 1.64046
1.32116e-007 1.64046
1.32316e-007 1.64046
1.32516e-007 1.63714
1.32716e-007 1.63714
1.32916e-007 1.64046
1.33116e-007 1.64046
1.33316e-007 1.63714
1.33516e-007 1.64046
1.33716e-007 1.64046
1.33916e-007 1.64046
1.34116e-007 1.63714
1.34316e-007 1.63714
1.34516e-007 1.64046
1.34716e-007 1.64046
1.34916e-007 1.63714
1.35116e-007 1.64046
1.35316e-007 1.63714
1.35516e-007 1.64046
1.35716e-007 1.63714
1.35916e-007 1.63714
1.36116e-007 1.63714
1.36316e-007 1.64046
1.36516e-007 1.64046
1.36716e-007 1.64046
1.36916e-007 1.64046
1.37116e-007 1.64046
1.37316e-007 1.64378
1.37516e-007 1.64046
1.37716e-007 1.63714
1.37916e-007 1.63714
1.38116e-007 1.63714
1.38316e-007 1.63714
1.38516e-007 1.64046
1.38716e-007 1.63714
1.38916e-007 1.63714
1.39116e-007 1.63714
1.39316e-007 1.64046
1.39516e-007 1.64046
1.39716e-007 1.64046
1.39916e-007 1.63714
1.40116e-007 1.64046
1.40316e-007 1.64378
1.40516e-007 1.64046
1.40716e-007 1.64378
1.40916e-007 1.63714
1.41116e-007 1.64378
1.41316e-007 1.63714
1.41516e-007 1.64046
1.41716e-007 1.63714
1.41916e-007 1.64046
1.42116e-007 1.63714
1.42316e-007 1.64378
1.42516e-007 1.64046
1.42716e-007 1.64046
1.42916e-007 1.63714
1.43116e-007 1.64046
1.43316e-007 1.64046
1.43516e-007 1.63714
1.43716e-007 1.63714
1.43916e-007 1.63714
1.44116e-007 1.63714
1.44316e-007 1.63714
1.44516e-007 1.64378
1.44716e-007 1.64378
1.44916e-007 1.64046
1.45116e-007 1.64046
1.45316e-007 1.64378
1.45516e-007 1.64378
1.45716e-007 1.63714
1.45916e-007 1.64378
1.46116e-007 1.64046
1.46316e-007 1.64046
1.46516e-007 1.64378
1.46716e-007 1.6471
1.46916e-007 1.64046
1.47116e-007 1.64378
1.47316e-007 1.64046
1.47516e-007 1.64046
1.47716e-007 1.63714
1.47916e-007 1.64046
1.48116e-007 1.63382
1.48316e-007 1.63714
1.48516e-007 1.64046
