LECROYWS44MXs-B 69584 Waveform
Segments 1 SegmentSize 1002
Segment TrigTime TimeSinceSegment1
#1 23-Jun-2015 19:13:01 0                 
Time Ampl
-5.16003e-008 1.6471
-5.14003e-008 1.6471
-5.12003e-008 1.65042
-5.10003e-008 1.65042
-5.08003e-008 1.6471
-5.06003e-008 1.65042
-5.04003e-008 1.6471
-5.02003e-008 1.6471
-5.00003e-008 1.65042
-4.98003e-008 1.64378
-4.96003e-008 1.6471
-4.94003e-008 1.64378
-4.92003e-008 1.64378
-4.90003e-008 1.64378
-4.88003e-008 1.65042
-4.86003e-008 1.6471
-4.84003e-008 1.64378
-4.82003e-008 1.64378
-4.80003e-008 1.65042
-4.78003e-008 1.6471
-4.76003e-008 1.65374
-4.74003e-008 1.65042
-4.72003e-008 1.65042
-4.70003e-008 1.65042
-4.68003e-008 1.65042
-4.66003e-008 1.6471
-4.64003e-008 1.6471
-4.62003e-008 1.65042
-4.60003e-008 1.6471
-4.58003e-008 1.65042
-4.56003e-008 1.65042
-4.54003e-008 1.6471
-4.52003e-008 1.6471
-4.50003e-008 1.64378
-4.48003e-008 1.65042
-4.46003e-008 1.6471
-4.44003e-008 1.65374
-4.42003e-008 1.65042
-4.40003e-008 1.65042
-4.38003e-008 1.65042
-4.36003e-008 1.65042
-4.34003e-008 1.6471
-4.32003e-008 1.65042
-4.30003e-008 1.65042
-4.28003e-008 1.65042
-4.26003e-008 1.6471
-4.24003e-008 1.65042
-4.22003e-008 1.6471
-4.20003e-008 1.65042
-4.18003e-008 1.65042
-4.16003e-008 1.65374
-4.14003e-008 1.64378
-4.12003e-008 1.65042
-4.10003e-008 1.65042
-4.08003e-008 1.6471
-4.06003e-008 1.6471
-4.04003e-008 1.6471
-4.02003e-008 1.65042
-4.00003e-008 1.6471
-3.98003e-008 1.64378
-3.96003e-008 1.6471
-3.94003e-008 1.6471
-3.92003e-008 1.65042
-3.90003e-008 1.6471
-3.88003e-008 1.65374
-3.86003e-008 1.65042
-3.84003e-008 1.65042
-3.82003e-008 1.65042
-3.80003e-008 1.65042
-3.78003e-008 1.65042
-3.76003e-008 1.65374
-3.74003e-008 1.65042
-3.72003e-008 1.65374
-3.70003e-008 1.65042
-3.68003e-008 1.65374
-3.66003e-008 1.65042
-3.64003e-008 1.6471
-3.62003e-008 1.65042
-3.60003e-008 1.65042
-3.58003e-008 1.6471
-3.56003e-008 1.64378
-3.54003e-008 1.6471
-3.52003e-008 1.65042
-3.50003e-008 1.64378
-3.48003e-008 1.65042
-3.46003e-008 1.64378
-3.44003e-008 1.65042
-3.42003e-008 1.65042
-3.40003e-008 1.65374
-3.38003e-008 1.65706
-3.36003e-008 1.65374
-3.34003e-008 1.65042
-3.32003e-008 1.65042
-3.30003e-008 1.65042
-3.28003e-008 1.6471
-3.26003e-008 1.6471
-3.24003e-008 1.6471
-3.22003e-008 1.64378
-3.20003e-008 1.65042
-3.18003e-008 1.65042
-3.16003e-008 1.65042
-3.14003e-008 1.6471
-3.12003e-008 1.65042
-3.10003e-008 1.64378
-3.08003e-008 1.6471
-3.06003e-008 1.6471
-3.04003e-008 1.65042
-3.02003e-008 1.6471
-3.00003e-008 1.65042
-2.98003e-008 1.65374
-2.96003e-008 1.65042
-2.94003e-008 1.65042
-2.92003e-008 1.65042
-2.90003e-008 1.6471
-2.88003e-008 1.6471
-2.86003e-008 1.6471
-2.84003e-008 1.6471
-2.82003e-008 1.65042
-2.80003e-008 1.65042
-2.78003e-008 1.64378
-2.76003e-008 1.6471
-2.74003e-008 1.6471
-2.72003e-008 1.6471
-2.70003e-008 1.6471
-2.68003e-008 1.65042
-2.66003e-008 1.65042
-2.64003e-008 1.65042
-2.62003e-008 1.65042
-2.60003e-008 1.6471
-2.58003e-008 1.6471
-2.56003e-008 1.65042
-2.54003e-008 1.6471
-2.52003e-008 1.65042
-2.50003e-008 1.64378
-2.48003e-008 1.6471
-2.46003e-008 1.65042
-2.44003e-008 1.6471
-2.42003e-008 1.64378
-2.40003e-008 1.6471
-2.38003e-008 1.6471
-2.36003e-008 1.6471
-2.34003e-008 1.6471
-2.32003e-008 1.6471
-2.30003e-008 1.64378
-2.28003e-008 1.6471
-2.26003e-008 1.6471
-2.24003e-008 1.65042
-2.22003e-008 1.64378
-2.20003e-008 1.64378
-2.18003e-008 1.64378
-2.16003e-008 1.65042
-2.14003e-008 1.6471
-2.12003e-008 1.65042
-2.10003e-008 1.65042
-2.08003e-008 1.65042
-2.06003e-008 1.65042
-2.04003e-008 1.6471
-2.02003e-008 1.64378
-2.00003e-008 1.65042
-1.98003e-008 1.65042
-1.96003e-008 1.65042
-1.94003e-008 1.65042
-1.92003e-008 1.65042
-1.90003e-008 1.6471
-1.88003e-008 1.6471
-1.86003e-008 1.65042
-1.84003e-008 1.65042
-1.82003e-008 1.65042
-1.80003e-008 1.65042
-1.78003e-008 1.6471
-1.76003e-008 1.65042
-1.74003e-008 1.6471
-1.72003e-008 1.6471
-1.70003e-008 1.6471
-1.68003e-008 1.6471
-1.66003e-008 1.6471
-1.64003e-008 1.6471
-1.62003e-008 1.64378
-1.60003e-008 1.65042
-1.58003e-008 1.6471
-1.56003e-008 1.6471
-1.54003e-008 1.65042
-1.52003e-008 1.6471
-1.50003e-008 1.64378
-1.48003e-008 1.6471
-1.46003e-008 1.6471
-1.44003e-008 1.65042
-1.42003e-008 1.65042
-1.40003e-008 1.65374
-1.38003e-008 1.65042
-1.36003e-008 1.65042
-1.34003e-008 1.6471
-1.32003e-008 1.65042
-1.30003e-008 1.6471
-1.28003e-008 1.6471
-1.26003e-008 1.6471
-1.24003e-008 1.64378
-1.22003e-008 1.6471
-1.20003e-008 1.65042
-1.18003e-008 1.6471
-1.16003e-008 1.65042
-1.14003e-008 1.64378
-1.12003e-008 1.6471
-1.10003e-008 1.64378
-1.08003e-008 1.65042
-1.06003e-008 1.65042
-1.04003e-008 1.6471
-1.02003e-008 1.64378
-1.00003e-008 1.65042
-9.80029e-009 1.6471
-9.60029e-009 1.65042
-9.40029e-009 1.65042
-9.20029e-009 1.65042
-9.00029e-009 1.6471
-8.80029e-009 1.65042
-8.60029e-009 1.65042
-8.40029e-009 1.65042
-8.20029e-009 1.6471
-8.00029e-009 1.65042
-7.80029e-009 1.6471
-7.60029e-009 1.65042
-7.40029e-009 1.64378
-7.20029e-009 1.65042
-7.00029e-009 1.6471
-6.80029e-009 1.65042
-6.60029e-009 1.6471
-6.40029e-009 1.65042
-6.20029e-009 1.65042
-6.00029e-009 1.65374
-5.80029e-009 1.65042
-5.60029e-009 1.65706
-5.40029e-009 1.66039
-5.20029e-009 1.66039
-5.00029e-009 1.66371
-4.80029e-009 1.66703
-4.60029e-009 1.67035
-4.40029e-009 1.67699
-4.20029e-009 1.67699
-4.00029e-009 1.68031
-3.80029e-009 1.68363
-3.60029e-009 1.69027
-3.40029e-009 1.6936
-3.20029e-009 1.69692
-3.00029e-009 1.70356
-2.80029e-009 1.7102
-2.60029e-009 1.71684
-2.40029e-009 1.72016
-2.20029e-009 1.7268
-2.00029e-009 1.73013
-1.80029e-009 1.74341
-1.60029e-009 1.75337
-1.40029e-009 1.76333
-1.20029e-009 1.7733
-1.00029e-009 1.77994
-8.00286e-010 1.78658
-6.00286e-010 1.79322
-4.00286e-010 1.80319
-2.00286e-010 1.81315
-2.86497e-013 1.82311
1.99714e-010 1.82975
3.99714e-010 1.84304
5.99714e-010 1.84968
7.99714e-010 1.85964
9.99714e-010 1.86628
1.19971e-009 1.87293
1.39971e-009 1.87957
1.59971e-009 1.88621
1.79971e-009 1.89285
1.99971e-009 1.90281
2.19971e-009 1.90946
2.39971e-009 1.91942
2.59971e-009 1.92938
2.79971e-009 1.9327
2.99971e-009 1.94267
3.19971e-009 1.94931
3.39971e-009 1.95927
3.59971e-009 1.96259
3.79971e-009 1.96923
3.99971e-009 1.97255
4.19971e-009 1.97587
4.39971e-009 1.97587
4.59971e-009 1.98252
4.79971e-009 1.9792
4.99971e-009 1.98252
5.19971e-009 1.98916
5.39971e-009 1.99248
5.59971e-009 1.98916
5.79971e-009 1.99248
5.99971e-009 1.99912
6.19971e-009 1.9958
6.39971e-009 1.9958
6.59971e-009 1.99912
6.79971e-009 1.99912
6.99971e-009 2.00244
7.19971e-009 1.99912
7.39971e-009 2.00244
7.59971e-009 2.00244
7.79971e-009 2.00244
7.99971e-009 2.00244
8.19971e-009 1.99912
8.39971e-009 1.99912
8.59971e-009 1.99248
8.79971e-009 1.98916
8.99971e-009 1.99248
9.19971e-009 1.98584
9.39971e-009 1.98252
9.59971e-009 1.9792
9.79971e-009 1.97255
9.99971e-009 1.97255
1.01997e-008 1.96923
1.03997e-008 1.96591
1.05997e-008 1.95595
1.07997e-008 1.95927
1.09997e-008 1.95595
1.11997e-008 1.95263
1.13997e-008 1.94931
1.15997e-008 1.94267
1.17997e-008 1.94267
1.19997e-008 1.9327
1.21997e-008 1.92606
1.23997e-008 1.92274
1.25997e-008 1.91942
1.27997e-008 1.9161
1.29997e-008 1.90946
1.31997e-008 1.90946
1.33997e-008 1.89949
1.35997e-008 1.89617
1.37997e-008 1.88953
1.39997e-008 1.88621
1.41997e-008 1.87957
1.43997e-008 1.87293
1.45997e-008 1.8696
1.47997e-008 1.8696
1.49997e-008 1.86628
1.51997e-008 1.85964
1.53997e-008 1.853
1.55997e-008 1.84968
1.57997e-008 1.84636
1.59997e-008 1.84304
1.61997e-008 1.8364
1.63997e-008 1.82975
1.65997e-008 1.82643
1.67997e-008 1.82311
1.69997e-008 1.81979
1.71997e-008 1.80983
1.73997e-008 1.80983
1.75997e-008 1.80319
1.77997e-008 1.79987
1.79997e-008 1.7899
1.81997e-008 1.78658
1.83997e-008 1.78658
1.85997e-008 1.78658
1.87997e-008 1.77994
1.89997e-008 1.77662
1.91997e-008 1.7733
1.93997e-008 1.76998
1.95997e-008 1.76666
1.97997e-008 1.76001
1.99997e-008 1.75669
2.01997e-008 1.75669
2.03997e-008 1.74673
2.05997e-008 1.74341
2.07997e-008 1.74009
2.09997e-008 1.73677
2.11997e-008 1.73345
2.13997e-008 1.73345
2.15997e-008 1.7268
2.17997e-008 1.72348
2.19997e-008 1.72348
2.21997e-008 1.72348
2.23997e-008 1.71684
2.25997e-008 1.71352
2.27997e-008 1.7102
2.29997e-008 1.7102
2.31997e-008 1.70356
2.33997e-008 1.70024
2.35997e-008 1.69692
2.37997e-008 1.70024
2.39997e-008 1.6936
2.41997e-008 1.69692
2.43997e-008 1.69027
2.45997e-008 1.68695
2.47997e-008 1.69027
2.49997e-008 1.69027
2.51997e-008 1.68695
2.53997e-008 1.68363
2.55997e-008 1.67699
2.57997e-008 1.68363
2.59997e-008 1.67699
2.61997e-008 1.67367
2.63997e-008 1.66703
2.65997e-008 1.67367
2.67997e-008 1.66371
2.69997e-008 1.66703
2.71997e-008 1.66703
2.73997e-008 1.66371
2.75997e-008 1.66039
2.77997e-008 1.66039
2.79997e-008 1.66039
2.81997e-008 1.66039
2.83997e-008 1.66039
2.85997e-008 1.65706
2.87997e-008 1.65706
2.89997e-008 1.65042
2.91997e-008 1.65374
2.93997e-008 1.65042
2.95997e-008 1.65042
2.97997e-008 1.65042
2.99997e-008 1.6471
3.01997e-008 1.64378
3.03997e-008 1.64378
3.05997e-008 1.64378
3.07997e-008 1.64046
3.09997e-008 1.64046
3.11997e-008 1.63714
3.13997e-008 1.63382
3.15997e-008 1.63714
3.17997e-008 1.64046
3.19997e-008 1.64046
3.21997e-008 1.63714
3.23997e-008 1.64046
3.25997e-008 1.64046
3.27997e-008 1.64378
3.29997e-008 1.63714
3.31997e-008 1.63714
3.33997e-008 1.63382
3.35997e-008 1.63714
3.37997e-008 1.63382
3.39997e-008 1.63714
3.41997e-008 1.63714
3.43997e-008 1.63382
3.45997e-008 1.63382
3.47997e-008 1.63714
3.49997e-008 1.63382
3.51997e-008 1.6305
3.53997e-008 1.6305
3.55997e-008 1.6305
3.57997e-008 1.62718
3.59997e-008 1.63382
3.61997e-008 1.62718
3.63997e-008 1.62718
3.65997e-008 1.62718
3.67997e-008 1.6305
3.69997e-008 1.62718
3.71997e-008 1.6305
3.73997e-008 1.6305
3.75997e-008 1.6305
3.77997e-008 1.63382
3.79997e-008 1.6305
3.81997e-008 1.62718
3.83997e-008 1.6305
3.85997e-008 1.62718
3.87997e-008 1.6305
3.89997e-008 1.6305
3.91997e-008 1.62718
3.93997e-008 1.63382
3.95997e-008 1.62386
3.97997e-008 1.62718
3.99997e-008 1.62386
4.01997e-008 1.6305
4.03997e-008 1.62718
4.05997e-008 1.62718
4.07997e-008 1.62718
4.09997e-008 1.62718
4.11997e-008 1.62718
4.13997e-008 1.6305
4.15997e-008 1.6305
4.17997e-008 1.62386
4.19997e-008 1.6305
4.21997e-008 1.62718
4.23997e-008 1.62718
4.25997e-008 1.6305
4.27997e-008 1.62718
4.29997e-008 1.62386
4.31997e-008 1.62718
4.33997e-008 1.62386
4.35997e-008 1.62718
4.37997e-008 1.62718
4.39997e-008 1.62718
4.41997e-008 1.62718
4.43997e-008 1.62718
4.45997e-008 1.6305
4.47997e-008 1.6305
4.49997e-008 1.63714
4.51997e-008 1.63382
4.53997e-008 1.63382
4.55997e-008 1.63714
4.57997e-008 1.63382
4.59997e-008 1.6305
4.61997e-008 1.6305
4.63997e-008 1.62718
4.65997e-008 1.63382
4.67997e-008 1.6305
4.69997e-008 1.62386
4.71997e-008 1.6305
4.73997e-008 1.62718
4.75997e-008 1.62718
4.77997e-008 1.6305
4.79997e-008 1.6305
4.81997e-008 1.6305
4.83997e-008 1.6305
4.85997e-008 1.62718
4.87997e-008 1.6305
4.89997e-008 1.62718
4.91997e-008 1.62718
4.93997e-008 1.6305
4.95997e-008 1.6305
4.97997e-008 1.6305
4.99997e-008 1.62386
5.01997e-008 1.6305
5.03997e-008 1.63382
5.05997e-008 1.62718
5.07997e-008 1.6305
5.09997e-008 1.63382
5.11997e-008 1.6305
5.13997e-008 1.63382
5.15997e-008 1.62718
5.17997e-008 1.6305
5.19997e-008 1.6305
5.21997e-008 1.6305
5.23997e-008 1.6305
5.25997e-008 1.6305
5.27997e-008 1.6305
5.29997e-008 1.63382
5.31997e-008 1.63382
5.33997e-008 1.63382
5.35997e-008 1.63382
5.37997e-008 1.6305
5.39997e-008 1.6305
5.41997e-008 1.6305
5.43997e-008 1.63382
5.45997e-008 1.6305
5.47997e-008 1.62718
5.49997e-008 1.6305
5.51997e-008 1.62718
5.53997e-008 1.62718
5.55997e-008 1.6305
5.57997e-008 1.6305
5.59997e-008 1.6305
5.61997e-008 1.6305
5.63997e-008 1.6305
5.65997e-008 1.63382
5.67997e-008 1.63382
5.69997e-008 1.6305
5.71997e-008 1.6305
5.73997e-008 1.6305
5.75997e-008 1.63382
5.77997e-008 1.6305
5.79997e-008 1.63382
5.81997e-008 1.62718
5.83997e-008 1.6305
5.85997e-008 1.6305
5.87997e-008 1.6305
5.89997e-008 1.62718
5.91997e-008 1.6305
5.93997e-008 1.6305
5.95997e-008 1.6305
5.97997e-008 1.62718
5.99997e-008 1.63382
6.01997e-008 1.6305
6.03997e-008 1.63382
6.05997e-008 1.6305
6.07997e-008 1.6305
6.09997e-008 1.6305
6.11997e-008 1.6305
6.13997e-008 1.6305
6.15997e-008 1.6305
6.17997e-008 1.63382
6.19997e-008 1.6305
6.21997e-008 1.6305
6.23997e-008 1.63382
6.25997e-008 1.6305
6.27997e-008 1.6305
6.29997e-008 1.63382
6.31997e-008 1.63714
6.33997e-008 1.63382
6.35997e-008 1.63714
6.37997e-008 1.63382
6.39997e-008 1.6305
6.41997e-008 1.63382
6.43997e-008 1.63382
6.45997e-008 1.62718
6.47997e-008 1.6305
6.49997e-008 1.63382
6.51997e-008 1.63714
6.53997e-008 1.63382
6.55997e-008 1.63382
6.57997e-008 1.63382
6.59997e-008 1.63382
6.61997e-008 1.63714
6.63997e-008 1.64046
6.65997e-008 1.63382
6.67997e-008 1.63714
6.69997e-008 1.63382
6.71997e-008 1.63714
6.73997e-008 1.63382
6.75997e-008 1.63382
6.77997e-008 1.63382
6.79997e-008 1.63714
6.81997e-008 1.63382
6.83997e-008 1.63382
6.85997e-008 1.63382
6.87997e-008 1.63382
6.89997e-008 1.63382
6.91997e-008 1.6305
6.93997e-008 1.63382
6.95997e-008 1.63714
6.97997e-008 1.63382
6.99997e-008 1.6305
7.01997e-008 1.6305
7.03997e-008 1.63714
7.05997e-008 1.63382
7.07997e-008 1.63382
7.09997e-008 1.63382
7.11997e-008 1.63714
7.13997e-008 1.6305
7.15997e-008 1.63714
7.17997e-008 1.63382
7.19997e-008 1.63714
7.21997e-008 1.64378
7.23997e-008 1.64378
7.25997e-008 1.64046
7.27997e-008 1.64046
7.29997e-008 1.64046
7.31997e-008 1.64046
7.33997e-008 1.63714
7.35997e-008 1.63382
7.37997e-008 1.63382
7.39997e-008 1.63714
7.41997e-008 1.63382
7.43997e-008 1.63714
7.45997e-008 1.63714
7.47997e-008 1.63714
7.49997e-008 1.64046
7.51997e-008 1.64046
7.53997e-008 1.63714
7.55997e-008 1.64046
7.57997e-008 1.64378
7.59997e-008 1.64046
7.61997e-008 1.64378
7.63997e-008 1.64046
7.65997e-008 1.64046
7.67997e-008 1.64378
7.69997e-008 1.64378
7.71997e-008 1.6471
7.73997e-008 1.6471
7.75997e-008 1.64378
7.77997e-008 1.64378
7.79997e-008 1.64378
7.81997e-008 1.64046
7.83997e-008 1.64378
7.85997e-008 1.64378
7.87997e-008 1.64378
7.89997e-008 1.64046
7.91997e-008 1.6471
7.93997e-008 1.64378
7.95997e-008 1.6471
7.97997e-008 1.64378
7.99997e-008 1.64378
8.01997e-008 1.64046
8.03997e-008 1.64378
8.05997e-008 1.64378
8.07997e-008 1.64378
8.09997e-008 1.64378
8.11997e-008 1.6471
8.13997e-008 1.64046
8.15997e-008 1.64046
8.17997e-008 1.64046
8.19997e-008 1.64378
8.21997e-008 1.63714
8.23997e-008 1.64378
8.25997e-008 1.64046
8.27997e-008 1.6471
8.29997e-008 1.6471
8.31997e-008 1.64378
8.33997e-008 1.64046
8.35997e-008 1.64378
8.37997e-008 1.63714
8.39997e-008 1.63714
8.41997e-008 1.63714
8.43997e-008 1.64046
8.45997e-008 1.63714
8.47997e-008 1.64046
8.49997e-008 1.63714
8.51997e-008 1.64046
8.53997e-008 1.63382
8.55997e-008 1.63714
8.57997e-008 1.63714
8.59997e-008 1.64378
8.61997e-008 1.64378
8.63997e-008 1.64378
8.65997e-008 1.63714
8.67997e-008 1.63382
8.69997e-008 1.64046
8.71997e-008 1.63714
8.73997e-008 1.63382
8.75997e-008 1.63382
8.77997e-008 1.63714
8.79997e-008 1.63382
8.81997e-008 1.63382
8.83997e-008 1.63714
8.85997e-008 1.63382
8.87997e-008 1.64046
8.89997e-008 1.63382
8.91997e-008 1.64046
8.93997e-008 1.63382
8.95997e-008 1.64046
8.97997e-008 1.64046
8.99997e-008 1.63714
9.01997e-008 1.63714
9.03997e-008 1.63382
9.05997e-008 1.63382
9.07997e-008 1.63714
9.09997e-008 1.63382
9.11997e-008 1.63382
9.13997e-008 1.63382
9.15997e-008 1.63382
9.17997e-008 1.63382
9.19997e-008 1.6305
9.21997e-008 1.6305
9.23997e-008 1.63382
9.25997e-008 1.6305
9.27997e-008 1.63382
9.29997e-008 1.6305
9.31997e-008 1.63382
9.33997e-008 1.63382
9.35997e-008 1.63382
9.37997e-008 1.63714
9.39997e-008 1.63714
9.41997e-008 1.63382
9.43997e-008 1.63714
9.45997e-008 1.63382
9.47997e-008 1.63382
9.49997e-008 1.6305
9.51997e-008 1.63714
9.53997e-008 1.6305
9.55997e-008 1.63382
9.57997e-008 1.63382
9.59997e-008 1.63714
9.61997e-008 1.63382
9.63997e-008 1.63714
9.65997e-008 1.6305
9.67997e-008 1.63382
9.69997e-008 1.63382
9.71997e-008 1.63382
9.73997e-008 1.62718
9.75997e-008 1.6305
9.77997e-008 1.6305
9.79997e-008 1.63382
9.81997e-008 1.6305
9.83997e-008 1.63382
9.85997e-008 1.6305
9.87997e-008 1.63714
9.89997e-008 1.63382
9.91997e-008 1.63382
9.93997e-008 1.6305
9.95997e-008 1.6305
9.97997e-008 1.6305
9.99997e-008 1.63382
1.002e-007 1.63382
1.004e-007 1.63714
1.006e-007 1.6305
1.008e-007 1.63714
1.01e-007 1.6305
1.012e-007 1.63382
1.014e-007 1.6305
1.016e-007 1.6305
1.018e-007 1.63382
1.02e-007 1.63382
1.022e-007 1.63714
1.024e-007 1.63714
1.026e-007 1.63382
1.028e-007 1.63714
1.03e-007 1.63714
1.032e-007 1.6305
1.034e-007 1.6305
1.036e-007 1.63382
1.038e-007 1.63382
1.04e-007 1.63714
1.042e-007 1.63382
1.044e-007 1.63714
1.046e-007 1.63714
1.048e-007 1.63714
1.05e-007 1.63714
1.052e-007 1.64378
1.054e-007 1.63714
1.056e-007 1.63714
1.058e-007 1.64046
1.06e-007 1.63714
1.062e-007 1.63382
1.064e-007 1.63714
1.066e-007 1.63714
1.068e-007 1.64046
1.07e-007 1.64046
1.072e-007 1.64046
1.074e-007 1.63714
1.076e-007 1.64046
1.078e-007 1.64046
1.08e-007 1.64046
1.082e-007 1.63714
1.084e-007 1.64046
1.086e-007 1.63714
1.088e-007 1.63714
1.09e-007 1.63714
1.092e-007 1.63714
1.094e-007 1.63714
1.096e-007 1.64046
1.098e-007 1.63714
1.1e-007 1.64046
1.102e-007 1.63382
1.104e-007 1.63714
1.106e-007 1.63714
1.108e-007 1.63714
1.11e-007 1.63382
1.112e-007 1.64046
1.114e-007 1.63714
1.116e-007 1.64046
1.118e-007 1.64046
1.12e-007 1.63714
1.122e-007 1.63714
1.124e-007 1.64378
1.126e-007 1.64046
1.128e-007 1.64046
1.13e-007 1.64046
1.132e-007 1.63382
1.134e-007 1.63714
1.136e-007 1.64046
1.138e-007 1.63714
1.14e-007 1.64046
1.142e-007 1.64046
1.144e-007 1.64046
1.146e-007 1.64378
1.148e-007 1.64046
1.15e-007 1.64046
1.152e-007 1.64378
1.154e-007 1.63714
1.156e-007 1.64046
1.158e-007 1.64046
1.16e-007 1.63714
1.162e-007 1.63714
1.164e-007 1.64046
1.166e-007 1.64046
1.168e-007 1.64046
1.17e-007 1.64046
1.172e-007 1.64378
1.174e-007 1.64046
1.176e-007 1.64378
1.178e-007 1.63714
1.18e-007 1.64046
1.182e-007 1.64046
1.184e-007 1.64046
1.186e-007 1.64046
1.188e-007 1.64378
1.19e-007 1.64046
1.192e-007 1.64046
1.194e-007 1.64046
1.196e-007 1.64378
1.198e-007 1.64046
1.2e-007 1.64046
1.202e-007 1.63714
1.204e-007 1.64378
1.206e-007 1.64046
1.208e-007 1.64378
1.21e-007 1.63714
1.212e-007 1.64046
1.214e-007 1.64046
1.216e-007 1.63714
1.218e-007 1.63714
1.22e-007 1.64046
1.222e-007 1.64378
1.224e-007 1.64046
1.226e-007 1.63714
1.228e-007 1.64378
1.23e-007 1.64046
1.232e-007 1.64046
1.234e-007 1.63714
1.236e-007 1.64046
1.238e-007 1.63714
1.24e-007 1.64046
1.242e-007 1.63714
1.244e-007 1.64046
1.246e-007 1.64046
1.248e-007 1.64378
1.25e-007 1.64378
1.252e-007 1.6471
1.254e-007 1.64378
1.256e-007 1.64378
1.258e-007 1.64378
1.26e-007 1.64046
1.262e-007 1.64046
1.264e-007 1.64046
1.266e-007 1.64046
1.268e-007 1.64378
1.27e-007 1.63714
1.272e-007 1.64378
1.274e-007 1.63714
1.276e-007 1.64378
1.278e-007 1.64378
1.28e-007 1.64378
1.282e-007 1.64046
1.284e-007 1.64046
1.286e-007 1.63714
1.288e-007 1.64378
1.29e-007 1.64046
1.292e-007 1.64046
1.294e-007 1.64046
1.296e-007 1.64378
1.298e-007 1.64046
1.3e-007 1.64378
1.302e-007 1.63714
1.304e-007 1.64378
1.306e-007 1.64046
1.308e-007 1.64378
1.31e-007 1.64046
1.312e-007 1.6471
1.314e-007 1.64378
1.316e-007 1.64378
1.318e-007 1.64046
1.32e-007 1.64046
1.322e-007 1.64378
1.324e-007 1.64378
1.326e-007 1.64046
1.328e-007 1.6471
1.33e-007 1.64378
1.332e-007 1.64046
1.334e-007 1.64046
1.336e-007 1.64046
1.338e-007 1.6471
1.34e-007 1.64046
1.342e-007 1.64378
1.344e-007 1.64378
1.346e-007 1.64046
1.348e-007 1.6471
1.35e-007 1.64046
1.352e-007 1.64378
1.354e-007 1.64046
1.356e-007 1.63714
1.358e-007 1.63714
1.36e-007 1.64046
1.362e-007 1.63714
1.364e-007 1.63382
1.366e-007 1.6305
1.368e-007 1.64046
1.37e-007 1.63714
1.372e-007 1.63382
1.374e-007 1.63714
1.376e-007 1.63714
1.378e-007 1.64046
1.38e-007 1.64378
1.382e-007 1.64046
1.384e-007 1.64046
1.386e-007 1.64046
1.388e-007 1.63382
1.39e-007 1.63714
1.392e-007 1.64046
1.394e-007 1.63714
1.396e-007 1.64046
1.398e-007 1.64046
1.4e-007 1.64046
1.402e-007 1.64046
1.404e-007 1.63714
1.406e-007 1.63714
1.408e-007 1.64046
1.41e-007 1.64046
1.412e-007 1.64046
1.414e-007 1.63714
1.416e-007 1.64378
1.418e-007 1.63714
1.42e-007 1.64378
1.422e-007 1.64378
1.424e-007 1.64378
1.426e-007 1.64046
1.428e-007 1.64046
1.43e-007 1.63714
1.432e-007 1.64046
1.434e-007 1.64046
1.436e-007 1.64046
1.438e-007 1.64046
1.44e-007 1.64046
1.442e-007 1.64046
1.444e-007 1.64378
1.446e-007 1.64046
1.448e-007 1.64046
1.45e-007 1.64046
1.452e-007 1.63714
1.454e-007 1.64046
1.456e-007 1.63714
1.458e-007 1.64378
1.46e-007 1.6471
1.462e-007 1.64046
1.464e-007 1.64378
1.466e-007 1.64378
1.468e-007 1.64046
1.47e-007 1.64046
1.472e-007 1.64378
1.474e-007 1.64046
1.476e-007 1.64378
1.478e-007 1.63382
1.48e-007 1.64046
1.482e-007 1.63714
1.484e-007 1.64378
1.486e-007 1.64378
