LECROYWS44MXs-B 69584 Waveform
Segments 1 SegmentSize 1002
Segment TrigTime TimeSinceSegment1
#1 23-Jun-2015 19:25:21 0                 
Time Ampl
-5.17997e-008 1.64046
-5.15997e-008 1.6471
-5.13997e-008 1.64378
-5.11997e-008 1.6471
-5.09997e-008 1.6471
-5.07997e-008 1.6471
-5.05997e-008 1.64378
-5.03997e-008 1.6471
-5.01997e-008 1.65042
-4.99997e-008 1.65042
-4.97997e-008 1.65042
-4.95997e-008 1.65042
-4.93997e-008 1.6471
-4.91997e-008 1.65042
-4.89997e-008 1.6471
-4.87997e-008 1.65042
-4.85997e-008 1.65042
-4.83997e-008 1.65042
-4.81997e-008 1.6471
-4.79997e-008 1.6471
-4.77997e-008 1.6471
-4.75997e-008 1.65042
-4.73997e-008 1.64378
-4.71997e-008 1.65042
-4.69997e-008 1.65042
-4.67997e-008 1.65042
-4.65997e-008 1.6471
-4.63997e-008 1.6471
-4.61997e-008 1.64378
-4.59997e-008 1.64378
-4.57997e-008 1.64378
-4.55997e-008 1.6471
-4.53997e-008 1.6471
-4.51997e-008 1.6471
-4.49997e-008 1.6471
-4.47997e-008 1.65042
-4.45997e-008 1.6471
-4.43997e-008 1.65374
-4.41997e-008 1.6471
-4.39997e-008 1.6471
-4.37997e-008 1.65374
-4.35997e-008 1.65042
-4.33997e-008 1.64378
-4.31997e-008 1.65042
-4.29997e-008 1.6471
-4.27997e-008 1.6471
-4.25997e-008 1.64378
-4.23997e-008 1.6471
-4.21997e-008 1.6471
-4.19997e-008 1.6471
-4.17997e-008 1.65042
-4.15997e-008 1.65042
-4.13997e-008 1.6471
-4.11997e-008 1.6471
-4.09997e-008 1.64378
-4.07997e-008 1.6471
-4.05997e-008 1.6471
-4.03997e-008 1.6471
-4.01997e-008 1.6471
-3.99997e-008 1.65042
-3.97997e-008 1.64378
-3.95997e-008 1.64378
-3.93997e-008 1.64378
-3.91997e-008 1.65042
-3.89997e-008 1.6471
-3.87997e-008 1.6471
-3.85997e-008 1.6471
-3.83997e-008 1.6471
-3.81997e-008 1.6471
-3.79997e-008 1.65042
-3.77997e-008 1.65042
-3.75997e-008 1.6471
-3.73997e-008 1.6471
-3.71997e-008 1.65042
-3.69997e-008 1.65042
-3.67997e-008 1.6471
-3.65997e-008 1.64378
-3.63997e-008 1.64378
-3.61997e-008 1.64378
-3.59997e-008 1.65042
-3.57997e-008 1.6471
-3.55997e-008 1.6471
-3.53997e-008 1.64378
-3.51997e-008 1.6471
-3.49997e-008 1.6471
-3.47997e-008 1.65042
-3.45997e-008 1.6471
-3.43997e-008 1.65042
-3.41997e-008 1.65042
-3.39997e-008 1.65374
-3.37997e-008 1.65042
-3.35997e-008 1.65042
-3.33997e-008 1.65042
-3.31997e-008 1.6471
-3.29997e-008 1.64378
-3.27997e-008 1.6471
-3.25997e-008 1.64378
-3.23997e-008 1.65042
-3.21997e-008 1.64378
-3.19997e-008 1.64378
-3.17997e-008 1.64378
-3.15997e-008 1.64378
-3.13997e-008 1.64378
-3.11997e-008 1.6471
-3.09997e-008 1.64378
-3.07997e-008 1.6471
-3.05997e-008 1.6471
-3.03997e-008 1.65042
-3.01997e-008 1.65042
-2.99997e-008 1.6471
-2.97997e-008 1.64378
-2.95997e-008 1.6471
-2.93997e-008 1.64378
-2.91997e-008 1.6471
-2.89997e-008 1.65042
-2.87997e-008 1.6471
-2.85997e-008 1.64378
-2.83997e-008 1.65042
-2.81997e-008 1.64378
-2.79997e-008 1.64378
-2.77997e-008 1.63714
-2.75997e-008 1.6471
-2.73997e-008 1.64046
-2.71997e-008 1.64378
-2.69997e-008 1.64378
-2.67997e-008 1.65042
-2.65997e-008 1.6471
-2.63997e-008 1.6471
-2.61997e-008 1.65042
-2.59997e-008 1.65042
-2.57997e-008 1.65042
-2.55997e-008 1.65042
-2.53997e-008 1.6471
-2.51997e-008 1.65374
-2.49997e-008 1.6471
-2.47997e-008 1.65042
-2.45997e-008 1.6471
-2.43997e-008 1.6471
-2.41997e-008 1.65042
-2.39997e-008 1.6471
-2.37997e-008 1.64378
-2.35997e-008 1.65042
-2.33997e-008 1.64378
-2.31997e-008 1.6471
-2.29997e-008 1.64378
-2.27997e-008 1.6471
-2.25997e-008 1.6471
-2.23997e-008 1.65042
-2.21997e-008 1.6471
-2.19997e-008 1.65042
-2.17997e-008 1.6471
-2.15997e-008 1.65042
-2.13997e-008 1.64378
-2.11997e-008 1.65042
-2.09997e-008 1.64378
-2.07997e-008 1.6471
-2.05997e-008 1.64378
-2.03997e-008 1.6471
-2.01997e-008 1.6471
-1.99997e-008 1.65042
-1.97997e-008 1.64378
-1.95997e-008 1.65042
-1.93997e-008 1.6471
-1.91997e-008 1.64378
-1.89997e-008 1.6471
-1.87997e-008 1.65042
-1.85997e-008 1.6471
-1.83997e-008 1.65042
-1.81997e-008 1.6471
-1.79997e-008 1.65042
-1.77997e-008 1.65042
-1.75997e-008 1.65042
-1.73997e-008 1.65042
-1.71997e-008 1.65042
-1.69997e-008 1.6471
-1.67997e-008 1.65042
-1.65997e-008 1.64378
-1.63997e-008 1.65042
-1.61997e-008 1.65042
-1.59997e-008 1.65042
-1.57997e-008 1.6471
-1.55997e-008 1.6471
-1.53997e-008 1.6471
-1.51997e-008 1.6471
-1.49997e-008 1.6471
-1.47997e-008 1.6471
-1.45997e-008 1.6471
-1.43997e-008 1.6471
-1.41997e-008 1.64378
-1.39997e-008 1.65042
-1.37997e-008 1.6471
-1.35997e-008 1.65042
-1.33997e-008 1.65042
-1.31997e-008 1.6471
-1.29997e-008 1.64378
-1.27997e-008 1.6471
-1.25997e-008 1.6471
-1.23997e-008 1.65042
-1.21997e-008 1.6471
-1.19997e-008 1.6471
-1.17997e-008 1.6471
-1.15997e-008 1.65042
-1.13997e-008 1.65374
-1.11997e-008 1.6471
-1.09997e-008 1.64378
-1.07997e-008 1.65042
-1.05997e-008 1.6471
-1.03997e-008 1.65042
-1.01997e-008 1.64046
-9.99971e-009 1.6471
-9.79971e-009 1.64378
-9.59971e-009 1.6471
-9.39971e-009 1.64378
-9.19971e-009 1.6471
-8.99971e-009 1.64378
-8.79971e-009 1.6471
-8.59971e-009 1.6471
-8.39971e-009 1.6471
-8.19971e-009 1.64046
-7.99971e-009 1.6471
-7.79971e-009 1.64378
-7.59971e-009 1.64378
-7.39971e-009 1.64378
-7.19971e-009 1.64378
-6.99971e-009 1.64378
-6.79971e-009 1.6471
-6.59971e-009 1.64378
-6.39971e-009 1.65042
-6.19971e-009 1.6471
-5.99971e-009 1.65374
-5.79971e-009 1.65374
-5.59971e-009 1.65706
-5.39971e-009 1.65706
-5.19971e-009 1.65706
-4.99971e-009 1.65706
-4.79971e-009 1.66371
-4.59971e-009 1.66371
-4.39971e-009 1.66703
-4.19971e-009 1.66371
-3.99971e-009 1.66703
-3.79971e-009 1.67035
-3.59971e-009 1.67699
-3.39971e-009 1.68031
-3.19971e-009 1.69027
-2.99971e-009 1.69692
-2.79971e-009 1.70356
-2.59971e-009 1.7102
-2.39971e-009 1.71684
-2.19971e-009 1.72348
-1.99971e-009 1.73013
-1.79971e-009 1.74341
-1.59971e-009 1.75005
-1.39971e-009 1.75337
-1.19971e-009 1.76333
-9.99708e-010 1.76998
-7.99708e-010 1.78326
-5.99708e-010 1.79322
-3.99708e-010 1.79987
-1.99708e-010 1.80983
2.91956e-013 1.81979
2.00292e-010 1.82975
4.00292e-010 1.83972
6.00292e-010 1.83972
8.00292e-010 1.853
1.00029e-009 1.86296
1.20029e-009 1.87293
1.40029e-009 1.87625
1.60029e-009 1.88953
1.80029e-009 1.89285
2.00029e-009 1.90281
2.20029e-009 1.90946
2.40029e-009 1.9161
2.60029e-009 1.92606
2.80029e-009 1.93602
3.00029e-009 1.93602
3.20029e-009 1.94599
3.40029e-009 1.95595
3.60029e-009 1.96259
3.80029e-009 1.96923
4.00029e-009 1.97587
4.20029e-009 1.98252
4.40029e-009 1.98252
4.60029e-009 1.98584
4.80029e-009 1.98916
5.00029e-009 1.99248
5.20029e-009 1.98916
5.40029e-009 1.9958
5.60029e-009 1.99912
5.80029e-009 1.9958
6.00029e-009 1.9958
6.20029e-009 1.99912
6.40029e-009 1.99912
6.60029e-009 1.9958
6.80029e-009 1.99912
7.00029e-009 2.00244
7.20029e-009 1.99912
7.40029e-009 1.99912
7.60029e-009 1.99912
7.80029e-009 1.9958
8.00029e-009 1.9958
8.20029e-009 1.98916
8.40029e-009 1.98916
8.60029e-009 1.98584
8.80029e-009 1.98584
9.00029e-009 1.98252
9.20029e-009 1.97587
9.40029e-009 1.97255
9.60029e-009 1.96923
9.80029e-009 1.96591
1.00003e-008 1.95927
1.02003e-008 1.95927
1.04003e-008 1.95263
1.06003e-008 1.95263
1.08003e-008 1.94599
1.10003e-008 1.94267
1.12003e-008 1.9327
1.14003e-008 1.92938
1.16003e-008 1.92606
1.18003e-008 1.92606
1.20003e-008 1.91942
1.22003e-008 1.91278
1.24003e-008 1.90946
1.26003e-008 1.89617
1.28003e-008 1.89949
1.30003e-008 1.89285
1.32003e-008 1.88621
1.34003e-008 1.88621
1.36003e-008 1.87957
1.38003e-008 1.87625
1.40003e-008 1.86628
1.42003e-008 1.86296
1.44003e-008 1.86296
1.46003e-008 1.84968
1.48003e-008 1.853
1.50003e-008 1.84304
1.52003e-008 1.84304
1.54003e-008 1.8364
1.56003e-008 1.82975
1.58003e-008 1.82643
1.60003e-008 1.82311
1.62003e-008 1.81315
1.64003e-008 1.80983
1.66003e-008 1.80651
1.68003e-008 1.79987
1.70003e-008 1.79987
1.72003e-008 1.79322
1.74003e-008 1.7899
1.76003e-008 1.7899
1.78003e-008 1.78326
1.80003e-008 1.78326
1.82003e-008 1.77662
1.84003e-008 1.76998
1.86003e-008 1.76666
1.88003e-008 1.76333
1.90003e-008 1.76001
1.92003e-008 1.75337
1.94003e-008 1.75005
1.96003e-008 1.74673
1.98003e-008 1.73677
2.00003e-008 1.73013
2.02003e-008 1.73345
2.04003e-008 1.73013
2.06003e-008 1.72348
2.08003e-008 1.73013
2.10003e-008 1.72348
2.12003e-008 1.72348
2.14003e-008 1.72016
2.16003e-008 1.71352
2.18003e-008 1.70688
2.20003e-008 1.70688
2.22003e-008 1.70356
2.24003e-008 1.70356
2.26003e-008 1.70024
2.28003e-008 1.69692
2.30003e-008 1.69027
2.32003e-008 1.68363
2.34003e-008 1.68031
2.36003e-008 1.68031
2.38003e-008 1.68031
2.40003e-008 1.68031
2.42003e-008 1.68031
2.44003e-008 1.68031
2.46003e-008 1.67699
2.48003e-008 1.67367
2.50003e-008 1.67035
2.52003e-008 1.67035
2.54003e-008 1.67035
2.56003e-008 1.67035
2.58003e-008 1.66371
2.60003e-008 1.66039
2.62003e-008 1.65706
2.64003e-008 1.65706
2.66003e-008 1.65706
2.68003e-008 1.65706
2.70003e-008 1.66039
2.72003e-008 1.65374
2.74003e-008 1.65042
2.76003e-008 1.65374
2.78003e-008 1.65042
2.80003e-008 1.65042
2.82003e-008 1.65042
2.84003e-008 1.65042
2.86003e-008 1.64378
2.88003e-008 1.65042
2.90003e-008 1.64378
2.92003e-008 1.6471
2.94003e-008 1.64378
2.96003e-008 1.6471
2.98003e-008 1.64378
3.00003e-008 1.64378
3.02003e-008 1.63714
3.04003e-008 1.64046
3.06003e-008 1.63714
3.08003e-008 1.63714
3.10003e-008 1.64046
3.12003e-008 1.64046
3.14003e-008 1.63714
3.16003e-008 1.64046
3.18003e-008 1.63714
3.20003e-008 1.63714
3.22003e-008 1.64046
3.24003e-008 1.64046
3.26003e-008 1.63714
3.28003e-008 1.63714
3.30003e-008 1.63714
3.32003e-008 1.63714
3.34003e-008 1.63714
3.36003e-008 1.64046
3.38003e-008 1.63382
3.40003e-008 1.63714
3.42003e-008 1.64046
3.44003e-008 1.63714
3.46003e-008 1.63714
3.48003e-008 1.63382
3.50003e-008 1.63382
3.52003e-008 1.63382
3.54003e-008 1.63382
3.56003e-008 1.63382
3.58003e-008 1.6305
3.60003e-008 1.63382
3.62003e-008 1.63382
3.64003e-008 1.63382
3.66003e-008 1.6305
3.68003e-008 1.63382
3.70003e-008 1.6305
3.72003e-008 1.6305
3.74003e-008 1.62718
3.76003e-008 1.63382
3.78003e-008 1.63382
3.80003e-008 1.64046
3.82003e-008 1.63382
3.84003e-008 1.63382
3.86003e-008 1.62718
3.88003e-008 1.63382
3.90003e-008 1.63382
3.92003e-008 1.63382
3.94003e-008 1.63382
3.96003e-008 1.63382
3.98003e-008 1.63382
4.00003e-008 1.63382
4.02003e-008 1.63382
4.04003e-008 1.6305
4.06003e-008 1.62718
4.08003e-008 1.62718
4.10003e-008 1.62718
4.12003e-008 1.6305
4.14003e-008 1.62718
4.16003e-008 1.6305
4.18003e-008 1.62386
4.20003e-008 1.62718
4.22003e-008 1.62386
4.24003e-008 1.6305
4.26003e-008 1.6305
4.28003e-008 1.6305
4.30003e-008 1.62386
4.32003e-008 1.6305
4.34003e-008 1.6305
4.36003e-008 1.63382
4.38003e-008 1.6305
4.40003e-008 1.63382
4.42003e-008 1.63382
4.44003e-008 1.6305
4.46003e-008 1.63382
4.48003e-008 1.63714
4.50003e-008 1.63714
4.52003e-008 1.63382
4.54003e-008 1.6305
4.56003e-008 1.63714
4.58003e-008 1.63382
4.60003e-008 1.6305
4.62003e-008 1.62718
4.64003e-008 1.6305
4.66003e-008 1.63714
4.68003e-008 1.6305
4.70003e-008 1.6305
4.72003e-008 1.63382
4.74003e-008 1.63382
4.76003e-008 1.63382
4.78003e-008 1.63382
4.80003e-008 1.63714
4.82003e-008 1.63714
4.84003e-008 1.63382
4.86003e-008 1.63382
4.88003e-008 1.63714
4.90003e-008 1.63714
4.92003e-008 1.63714
4.94003e-008 1.63714
4.96003e-008 1.63382
4.98003e-008 1.6305
5.00003e-008 1.63714
5.02003e-008 1.63382
5.04003e-008 1.63382
5.06003e-008 1.6305
5.08003e-008 1.63382
5.10003e-008 1.6305
5.12003e-008 1.6305
5.14003e-008 1.6305
5.16003e-008 1.63382
5.18003e-008 1.63382
5.20003e-008 1.63714
5.22003e-008 1.63382
5.24003e-008 1.64046
5.26003e-008 1.63714
5.28003e-008 1.63714
5.30003e-008 1.63382
5.32003e-008 1.63382
5.34003e-008 1.63714
5.36003e-008 1.63714
5.38003e-008 1.63382
5.40003e-008 1.63714
5.42003e-008 1.63382
5.44003e-008 1.64046
5.46003e-008 1.63714
5.48003e-008 1.63714
5.50003e-008 1.63382
5.52003e-008 1.64046
5.54003e-008 1.63714
5.56003e-008 1.63714
5.58003e-008 1.63382
5.60003e-008 1.64046
5.62003e-008 1.63714
5.64003e-008 1.63714
5.66003e-008 1.63714
5.68003e-008 1.63714
5.70003e-008 1.63714
5.72003e-008 1.63714
5.74003e-008 1.63714
5.76003e-008 1.63382
5.78003e-008 1.6305
5.80003e-008 1.63382
5.82003e-008 1.63714
5.84003e-008 1.63714
5.86003e-008 1.63714
5.88003e-008 1.63714
5.90003e-008 1.63714
5.92003e-008 1.63382
5.94003e-008 1.63714
5.96003e-008 1.64046
5.98003e-008 1.64046
6.00003e-008 1.64046
6.02003e-008 1.63714
6.04003e-008 1.63714
6.06003e-008 1.63714
6.08003e-008 1.64046
6.10003e-008 1.63714
6.12003e-008 1.63714
6.14003e-008 1.63382
6.16003e-008 1.63714
6.18003e-008 1.63714
6.20003e-008 1.63714
6.22003e-008 1.63714
6.24003e-008 1.63382
6.26003e-008 1.63382
6.28003e-008 1.63714
6.30003e-008 1.63714
6.32003e-008 1.63714
6.34003e-008 1.63714
6.36003e-008 1.64378
6.38003e-008 1.64046
6.40003e-008 1.64378
6.42003e-008 1.64378
6.44003e-008 1.64046
6.46003e-008 1.63714
6.48003e-008 1.64046
6.50003e-008 1.64046
6.52003e-008 1.64378
6.54003e-008 1.64046
6.56003e-008 1.63714
6.58003e-008 1.63714
6.60003e-008 1.63714
6.62003e-008 1.63714
6.64003e-008 1.63714
6.66003e-008 1.63714
6.68003e-008 1.64378
6.70003e-008 1.64046
6.72003e-008 1.64378
6.74003e-008 1.64046
6.76003e-008 1.64046
6.78003e-008 1.64046
6.80003e-008 1.64378
6.82003e-008 1.64046
6.84003e-008 1.64046
6.86003e-008 1.64046
6.88003e-008 1.6471
6.90003e-008 1.64378
6.92003e-008 1.6471
6.94003e-008 1.64046
6.96003e-008 1.64378
6.98003e-008 1.64378
7.00003e-008 1.6471
7.02003e-008 1.64046
7.04003e-008 1.64378
7.06003e-008 1.64046
7.08003e-008 1.64378
7.10003e-008 1.64046
7.12003e-008 1.64046
7.14003e-008 1.64378
7.16003e-008 1.64046
7.18003e-008 1.64046
7.20003e-008 1.64046
7.22003e-008 1.64046
7.24003e-008 1.64378
7.26003e-008 1.64378
7.28003e-008 1.6471
7.30003e-008 1.64046
7.32003e-008 1.6471
7.34003e-008 1.64378
7.36003e-008 1.64378
7.38003e-008 1.64378
7.40003e-008 1.64378
7.42003e-008 1.64378
7.44003e-008 1.6471
7.46003e-008 1.64046
7.48003e-008 1.64378
7.50003e-008 1.64378
7.52003e-008 1.6471
7.54003e-008 1.64378
7.56003e-008 1.6471
7.58003e-008 1.6471
7.60003e-008 1.6471
7.62003e-008 1.6471
7.64003e-008 1.65042
7.66003e-008 1.6471
7.68003e-008 1.6471
7.70003e-008 1.64378
7.72003e-008 1.6471
7.74003e-008 1.6471
7.76003e-008 1.6471
7.78003e-008 1.64378
7.80003e-008 1.6471
7.82003e-008 1.64378
7.84003e-008 1.6471
7.86003e-008 1.64046
7.88003e-008 1.6471
7.90003e-008 1.64378
7.92003e-008 1.64378
7.94003e-008 1.6471
7.96003e-008 1.65042
7.98003e-008 1.6471
8.00003e-008 1.64378
8.02003e-008 1.6471
8.04003e-008 1.65042
8.06003e-008 1.65042
8.08003e-008 1.65042
8.10003e-008 1.6471
8.12003e-008 1.65042
8.14003e-008 1.64378
8.16003e-008 1.65042
8.18003e-008 1.64378
8.20003e-008 1.6471
8.22003e-008 1.6471
8.24003e-008 1.6471
8.26003e-008 1.64378
8.28003e-008 1.6471
8.30003e-008 1.64378
8.32003e-008 1.6471
8.34003e-008 1.64378
8.36003e-008 1.64378
8.38003e-008 1.64046
8.40003e-008 1.64046
8.42003e-008 1.64378
8.44003e-008 1.6471
8.46003e-008 1.6471
8.48003e-008 1.64378
8.50003e-008 1.64046
8.52003e-008 1.64378
8.54003e-008 1.64378
8.56003e-008 1.64378
8.58003e-008 1.64378
8.60003e-008 1.6471
8.62003e-008 1.64046
8.64003e-008 1.64378
8.66003e-008 1.64046
8.68003e-008 1.6471
8.70003e-008 1.64378
8.72003e-008 1.64378
8.74003e-008 1.64378
8.76003e-008 1.64046
8.78003e-008 1.64046
8.80003e-008 1.64378
8.82003e-008 1.63714
8.84003e-008 1.64046
8.86003e-008 1.64046
8.88003e-008 1.64378
8.90003e-008 1.64046
8.92003e-008 1.63714
8.94003e-008 1.64046
8.96003e-008 1.64046
8.98003e-008 1.63714
9.00003e-008 1.63714
9.02003e-008 1.63714
9.04003e-008 1.63714
9.06003e-008 1.63714
9.08003e-008 1.63714
9.10003e-008 1.63714
9.12003e-008 1.64046
9.14003e-008 1.64046
9.16003e-008 1.64378
9.18003e-008 1.64046
9.20003e-008 1.64046
9.22003e-008 1.63714
9.24003e-008 1.64046
9.26003e-008 1.64046
9.28003e-008 1.64046
9.30003e-008 1.63382
9.32003e-008 1.64378
9.34003e-008 1.63714
9.36003e-008 1.63714
9.38003e-008 1.63714
9.40003e-008 1.63714
9.42003e-008 1.63382
9.44003e-008 1.63714
9.46003e-008 1.63714
9.48003e-008 1.63714
9.50003e-008 1.63714
9.52003e-008 1.63714
9.54003e-008 1.64046
9.56003e-008 1.63714
9.58003e-008 1.63714
9.60003e-008 1.63714
9.62003e-008 1.63714
9.64003e-008 1.63714
9.66003e-008 1.64046
9.68003e-008 1.64378
9.70003e-008 1.63714
9.72003e-008 1.64378
9.74003e-008 1.63714
9.76003e-008 1.64046
9.78003e-008 1.63382
9.80003e-008 1.64046
9.82003e-008 1.63382
9.84003e-008 1.64046
9.86003e-008 1.63714
9.88003e-008 1.64046
9.90003e-008 1.63714
9.92003e-008 1.63714
9.94003e-008 1.63714
9.96003e-008 1.63714
9.98003e-008 1.64046
1e-007 1.63714
1.002e-007 1.63714
1.004e-007 1.64046
1.006e-007 1.64378
1.008e-007 1.64378
1.01e-007 1.64046
1.012e-007 1.64378
1.014e-007 1.63382
1.016e-007 1.64046
1.018e-007 1.64046
1.02e-007 1.64378
1.022e-007 1.64046
1.024e-007 1.64378
1.026e-007 1.64046
1.028e-007 1.64378
1.03e-007 1.64378
1.032e-007 1.64046
1.034e-007 1.64046
1.036e-007 1.64046
1.038e-007 1.64046
1.04e-007 1.63714
1.042e-007 1.63714
1.044e-007 1.64378
1.046e-007 1.64046
1.048e-007 1.64378
1.05e-007 1.64046
1.052e-007 1.64378
1.054e-007 1.64046
1.056e-007 1.64378
1.058e-007 1.64378
1.06e-007 1.64378
1.062e-007 1.64378
1.064e-007 1.64046
1.066e-007 1.64378
1.068e-007 1.64046
1.07e-007 1.63714
1.072e-007 1.64046
1.074e-007 1.63714
1.076e-007 1.63714
1.078e-007 1.64046
1.08e-007 1.64378
1.082e-007 1.64046
1.084e-007 1.64046
1.086e-007 1.64378
1.088e-007 1.64378
1.09e-007 1.64046
1.092e-007 1.64046
1.094e-007 1.63714
1.096e-007 1.6471
1.098e-007 1.64046
1.1e-007 1.64046
1.102e-007 1.63714
1.104e-007 1.64046
1.106e-007 1.64046
1.108e-007 1.64378
1.11e-007 1.63382
1.112e-007 1.64046
1.114e-007 1.64378
1.116e-007 1.64046
1.118e-007 1.63714
1.12e-007 1.64046
1.122e-007 1.64046
1.124e-007 1.64378
1.126e-007 1.64046
1.128e-007 1.6471
1.13e-007 1.63714
1.132e-007 1.64378
1.134e-007 1.64046
1.136e-007 1.64378
1.138e-007 1.64046
1.14e-007 1.64378
1.142e-007 1.64046
1.144e-007 1.64378
1.146e-007 1.64046
1.148e-007 1.6471
1.15e-007 1.64046
1.152e-007 1.64378
1.154e-007 1.64046
1.156e-007 1.64378
1.158e-007 1.64378
1.16e-007 1.64378
1.162e-007 1.64046
1.164e-007 1.64046
1.166e-007 1.64378
1.168e-007 1.64378
1.17e-007 1.6471
1.172e-007 1.65042
1.174e-007 1.6471
1.176e-007 1.65042
1.178e-007 1.64378
1.18e-007 1.6471
1.182e-007 1.64378
1.184e-007 1.64378
1.186e-007 1.63714
1.188e-007 1.64046
1.19e-007 1.64046
1.192e-007 1.64378
1.194e-007 1.64378
1.196e-007 1.64378
1.198e-007 1.64046
1.2e-007 1.64046
1.202e-007 1.64378
1.204e-007 1.64378
1.206e-007 1.64378
1.208e-007 1.6471
1.21e-007 1.63714
1.212e-007 1.64378
1.214e-007 1.64378
1.216e-007 1.6471
1.218e-007 1.6471
1.22e-007 1.64378
1.222e-007 1.64378
1.224e-007 1.64378
1.226e-007 1.64378
1.228e-007 1.64378
1.23e-007 1.64046
1.232e-007 1.64378
1.234e-007 1.64046
1.236e-007 1.64378
1.238e-007 1.64046
1.24e-007 1.6471
1.242e-007 1.64378
1.244e-007 1.64378
1.246e-007 1.64378
1.248e-007 1.6471
1.25e-007 1.64378
1.252e-007 1.64378
1.254e-007 1.6471
1.256e-007 1.6471
1.258e-007 1.64378
1.26e-007 1.64378
1.262e-007 1.64378
1.264e-007 1.64046
1.266e-007 1.64046
1.268e-007 1.64378
1.27e-007 1.64378
1.272e-007 1.64378
1.274e-007 1.64046
1.276e-007 1.64378
1.278e-007 1.64046
1.28e-007 1.64378
1.282e-007 1.64378
1.284e-007 1.64378
1.286e-007 1.64046
1.288e-007 1.64378
1.29e-007 1.64046
1.292e-007 1.64378
1.294e-007 1.64378
1.296e-007 1.64046
1.298e-007 1.64046
1.3e-007 1.64378
1.302e-007 1.64046
1.304e-007 1.6471
1.306e-007 1.64378
1.308e-007 1.64378
1.31e-007 1.64378
1.312e-007 1.64378
1.314e-007 1.64046
1.316e-007 1.64378
1.318e-007 1.63714
1.32e-007 1.64046
1.322e-007 1.63714
1.324e-007 1.64378
1.326e-007 1.64046
1.328e-007 1.64378
1.33e-007 1.63382
1.332e-007 1.6471
1.334e-007 1.64378
1.336e-007 1.6471
1.338e-007 1.64378
1.34e-007 1.6471
1.342e-007 1.6471
1.344e-007 1.64378
1.346e-007 1.64046
1.348e-007 1.65042
1.35e-007 1.64378
1.352e-007 1.65042
1.354e-007 1.6471
1.356e-007 1.65042
1.358e-007 1.64378
1.36e-007 1.6471
1.362e-007 1.6471
1.364e-007 1.65042
1.366e-007 1.64378
1.368e-007 1.6471
1.37e-007 1.64378
1.372e-007 1.64378
1.374e-007 1.64378
1.376e-007 1.64378
1.378e-007 1.64378
1.38e-007 1.64046
1.382e-007 1.64378
1.384e-007 1.6471
1.386e-007 1.64378
1.388e-007 1.6471
1.39e-007 1.64378
1.392e-007 1.6471
1.394e-007 1.6471
1.396e-007 1.6471
1.398e-007 1.64046
1.4e-007 1.6471
1.402e-007 1.64378
1.404e-007 1.65042
1.406e-007 1.64378
1.408e-007 1.64378
1.41e-007 1.64378
1.412e-007 1.64378
1.414e-007 1.63714
1.416e-007 1.64046
1.418e-007 1.64046
1.42e-007 1.64378
1.422e-007 1.64046
1.424e-007 1.64378
1.426e-007 1.64378
1.428e-007 1.64378
1.43e-007 1.64378
1.432e-007 1.64378
1.434e-007 1.64046
1.436e-007 1.6471
1.438e-007 1.64378
1.44e-007 1.64378
1.442e-007 1.64378
1.444e-007 1.6471
1.446e-007 1.64046
1.448e-007 1.64378
1.45e-007 1.64378
1.452e-007 1.6471
1.454e-007 1.64046
1.456e-007 1.64046
1.458e-007 1.64378
1.46e-007 1.64378
1.462e-007 1.64046
1.464e-007 1.64378
1.466e-007 1.64378
1.468e-007 1.64378
1.47e-007 1.64046
1.472e-007 1.6471
1.474e-007 1.64378
1.476e-007 1.64378
1.478e-007 1.64046
1.48e-007 1.6471
1.482e-007 1.64046
1.484e-007 1.64378
